0.00253116
0.00046822
0.00191821
0.00422399
0.00650434
0.00778348
0.00877487
0.0105019
0.0108433
0.00999842
0.0083193
0.00677097
0.00586358
0.00414361
0.00212453
0.00334682
0.00478685
0.00606597
0.00948776
0.0140052
0.0176935
0.0198668
0.0207925
0.0210299
0.0212068
0.0227154
0.0261174
0.0315443
0.036971
0.0440876
0.0494715
0.0527299
0.0526971
0.0491655
0.0423695
0.0334114
0.0239228
0.0155999
0.00858643
0.00417679
0.000341454
0.000214584
4.08344e-05
0.00151146
0.00235891
0.00421113
0.00623341
0.00894289
0.011573
0.0139022
0.0166284
0.018402
0.0183764
0.017266
0.0134296
0.00884289
0.00389361
0.00100656
0.00490099
0.00619767
0.00442099
0.000583427
0.0045182
0.0102143
0.0146064
0.0164145
0.0147595
0.00985908
0.00356758
0.00325697
0.00915672
0.0128236
0.0148638
0.0149529
0.014777
0.0149746
0.0175082
0.0226642
0.0302814
0.0389877
0.0469333
0.0525954
0.0546178
0.0506129
0.0417144
0.0294168
0.0167528
0.00531674
0.00223229
0.00538623
0.00434752
0.000605261
0.00388944
0.00693746
0.00672016
0.00372184
0.00255871
0.00900186
0.0161712
0.0207682
0.0233814

0.0187755
0.032418
0.0459497
0.0571568
0.0669559
0.073633
0.0741314
0.0781869
0.0765021
0.0733621
0.0696147
0.0613579
0.0587422
0.055218
0.0507942
0.0489594
0.0478017
0.0483044
0.0453097
0.0374995
0.0352848
0.0282166
0.0224139
0.0253212
0.0242393
0.0286479
0.0368115
0.0470851
0.0694092
0.0873623
0.0990704
0.108901
0.107399
0.102922
0.106005
0.0937376
0.0855531
0.0767687
0.0818961
0.0828584
0.0868941
0.0897008
0.0938888
0.0864371
0.0862536
0.0908735
0.0857726
0.0821954
0.083281
0.0843727
0.0848243
0.0697223
0.0591641
0.0567596
0.0454749
0.0319209
0.0193933
0.0127453
0.0158405
0.00998439
0.00987403
0.00623614
0.000309501
0.00615461
0.0134719
0.0172802
0.0183843
0.0259928
0.0238147
0.0350275
0.0400695
0.0442995
0.0393854
0.0388604
0.0421196
0.0404842
0.0324122
0.0196174
0.0149269
0.00470732
0.00219759
0.0054075
0.0105584
0.0195822
0.0330912
0.043266
0.042229
0.0465339
0.0465737
0.0497917
0.0464034
0.0393825
0.0411429
0.0372156
0.0362036
0.0336808
0.0304448
0.0227616
0.0104589
0.00552175
0.0190032

0.0193504
0.0360156
0.0586288
0.0805656
0.103226
0.119719
0.137538
0.152525
0.164097
0.173397
0.181762
0.191188
0.200217
0.216062
0.236495
0.26503
0.289137
0.317221
0.356321
0.394799
0.43156
0.461043
0.497629
0.525719
0.538323
0.553129
0.562021
0.571393
0.579387
0.594826
0.604907
0.619068
0.633274
0.653245
0.667471
0.675032
0.682768
0.680059
0.670464
0.668771
0.666024
0.662629
0.669891
0.67377
0.679621
0.685697
0.696319
0.703274
0.705831
0.704622
0.700414
0.695093
0.689957
0.685522
0.68633
0.688152
0.695418
0.704698
0.711799
0.71223
0.709807
0.706498
0.702222
0.698247
0.690397
0.681659
0.674685
0.677955
0.686898
0.697146
0.707476
0.711596
0.713613
0.706233
0.699634
0.693185
0.684474
0.680225
0.677469
0.676349
0.685666
0.697876
0.709243
0.716122
0.715796
0.711207
0.707357
0.703391
0.702288
0.698297
0.692518
0.689912
0.686083
0.68853
0.69258
0.69699
0.702539
0.70436
0.701237
0.694263
0.691803

0.0318532
0.0413608
0.0524161
0.0665927
0.0801784
0.0969474
0.114417
0.132786
0.158073
0.188306
0.228207
0.278484
0.339267
0.410813
0.485625
0.562612
0.63332
0.69729
0.744699
0.776376
0.797242
0.814189
0.833144
0.850396
0.859406
0.861272
0.860158
0.859317
0.860408
0.865284
0.871689
0.875903
0.876593
0.874003
0.87155
0.871824
0.873122
0.873836
0.874314
0.873265
0.871748
0.871995
0.872576
0.872201
0.871152
0.871654
0.871465
0.869501
0.86839
0.870228
0.871593
0.871175
0.870168
0.870127
0.870887
0.871671
0.870938
0.870241
0.871392
0.873841
0.874709
0.874447
0.873416
0.871412
0.868011
0.864924
0.863881
0.864733
0.866587
0.869748
0.872316
0.87138
0.869613
0.86905
0.869075
0.871089
0.873285
0.875392
0.876797
0.877097
0.878203
0.879064
0.878444
0.87616
0.872936
0.870086
0.867528
0.865241
0.863825
0.863439
0.864851
0.866554
0.866718
0.867506
0.869728
0.871555
0.871898
0.872025
0.872678
0.87155
0.870691

0.0307058
0.0406793
0.05316
0.0697687
0.0923285
0.123104
0.16495
0.219703
0.290907
0.37976
0.484016
0.592483
0.689444
0.770351
0.83589
0.881759
0.908655
0.924693
0.936133
0.943322
0.946792
0.948181
0.948841
0.949194
0.949393
0.949508
0.949574
0.949613
0.949635
0.949649
0.949656
0.949661
0.949664
0.949665
0.949666
0.949667
0.949667
0.949667
0.949668
0.949668
0.949668
0.949668
0.949668
0.949668
0.949668
0.949668
0.949668
0.949668
0.949668
0.949668
0.949668
0.949668
0.949668
0.949668
0.949668
0.949668
0.949668
0.949668
0.949668
0.949668
0.949668
0.949668
0.949668
0.949668
0.949668
0.949668
0.949668
0.949668
0.949668
0.949668
0.949668
0.949668
0.949668
0.949668
0.949668
0.949668
0.949668
0.949668
0.949668
0.949668
0.949668
0.949668
0.949668
0.949668
0.949668
0.949668
0.949668
0.949668
0.949668
0.949668
0.949668
0.949668
0.949668
0.949668
0.949668
0.949668
0.949668
0.949668
0.949668
0.949668
0.949668

0.0059915
0.00566639
0.00738979
0.0114221
0.019154
0.0355245
0.058769
0.0994622
0.16911
0.276453
0.439768
0.617124
0.772733
0.868852
0.922933
0.949592
0.961381
0.966542
0.968849
0.970047
0.970428
0.970541
0.970582
0.970599
0.970606
0.97061
0.970611
0.970612
0.970612
0.970613
0.970613
0.970613
0.970613
0.970613
0.970613
0.970613
0.970613
0.970613
0.970613
0.970613
0.970613
0.970613
0.970613
0.970613
0.970613
0.970613
0.970613
0.970613
0.970613
0.970613
0.970613
0.970613
0.970613
0.970613
0.970613
0.970613
0.970613
0.970613
0.970613
0.970613
0.970613
0.970613
0.970613
0.970613
0.970613
0.970613
0.970613
0.970613
0.970613
0.970613
0.970613
0.970613
0.970613
0.970613
0.970613
0.970613
0.970613
0.970613
0.970613
0.970613
0.970613
0.970613
0.970613
0.970613
0.970613
0.970613
0.970613
0.970613
0.970613
0.970613
0.970613
0.970613
0.970613
0.970613
0.970613
0.970613
0.970613
0.970613
0.970613
0.970613
0.970613

