0.0345007
0.0316865
0.0277527
0.0237398
0.0199771
0.0181561
0.019597
0.0233526
0.0283968
0.0336711
0.0374224
0.039605
0.0391217
0.0359499
0.0309379
0.025154
0.0188177
0.0155357
0.0156747
0.0177348
0.0222899
0.0281376
0.033553
0.0386809
0.0428743
0.045034
0.0462327
0.0471617
0.0483884
0.0497968
0.0517567
0.0535601
0.054194
0.0534696
0.051508
0.0483077
0.0436913
0.0376148
0.0319265
0.0255435
0.020699
0.0170384
0.0141158
0.0120841
0.0114639
0.0125279
0.0141647
0.0165965
0.0199956
0.0263881
0.0335394
0.0418208
0.0496569
0.056358
0.0603795
0.061379
0.0594212
0.0560458
0.0506217
0.045034
0.0394221
0.0337936
0.0291293
0.0248329
0.020599
0.0155478
0.00909651
0.00146272
0.00857896
0.0180088
0.0237007
0.0261217
0.0244325
0.0186244
0.0100557
0.000206676
0.00931408
0.0169058
0.0209278
0.0222537
0.0184803
0.0135982
0.00763251
0.00456905
0.00369787
0.00662833
0.012496
0.0196487
0.0280356
0.0363811
0.0440817
0.0499566
0.0531084
0.0524656
0.0525153
0.0493622
0.0473904
0.0425451
0.0378525
0.0308537
0.0267492

0.0363994
0.0411886
0.0433947
0.0420065
0.0381037
0.0311656
0.025464
0.0189336
0.0127085
0.00910045
0.00649733
0.00543764
0.00532358
0.00646603
0.00752914
0.00792315
0.00815619
0.00825779
0.00829899
0.0108789
0.0162758
0.0242176
0.0344682
0.0465855
0.0605486
0.0732342
0.0834887
0.0888695
0.089516
0.0856264
0.0759262
0.0684882
0.0647723
0.0580569
0.0533893
0.0512847
0.0498865
0.0497417
0.0503478
0.0507721
0.051406
0.0520925
0.0534383
0.0560229
0.0598408
0.0648229
0.0687881
0.0718537
0.0728537
0.0715096
0.0677058
0.0624732
0.0567051
0.0519367
0.0487849
0.0477212
0.0482755
0.0509797
0.0510816
0.0489733
0.0475779
0.043042
0.0378237
0.0317634
0.0291562
0.0279468
0.0235904
0.0222389
0.0232648
0.0204563
0.0250599
0.0272488
0.0256534
0.0260364
0.0280042
0.0290759
0.0296784
0.0370383
0.0400362
0.0461914
0.0496281
0.0535339
0.0518538
0.0512691
0.0462935
0.0446677
0.0372991
0.0368897
0.0351539
0.0359312
0.0359425
0.0359379
0.0364952
0.0387644
0.0406469
0.0414845
0.0422412
0.0430517
0.0451626
0.0450449
0.042405

0.00586578
0.00836987
0.0101378
0.0117027
0.0135247
0.0181592
0.0235396
0.0306237
0.0396227
0.0509471
0.0624668
0.0724909
0.0798918
0.0860978
0.0926656
0.0990406
0.106648
0.117995
0.13441
0.155877
0.181781
0.210067
0.241278
0.273158
0.304524
0.33522
0.365113
0.393946
0.422165
0.450338
0.476653
0.49897
0.518429
0.536782
0.554442
0.57224
0.591239
0.610394
0.627226
0.641998
0.656549
0.668333
0.677159
0.682805
0.686807
0.687816
0.686077
0.682651
0.67962
0.678695
0.680771
0.685683
0.693095
0.69787
0.698541
0.696338
0.696095
0.69628
0.696025
0.694927
0.694491
0.695972
0.696903
0.695528
0.693661
0.695289
0.698949
0.701932
0.70612
0.710991
0.713392
0.714509
0.71531
0.717695
0.719568
0.721107
0.720924
0.716854
0.708376
0.699826
0.69369
0.69485
0.699365
0.7028
0.703657
0.7038
0.704418
0.706307
0.709061
0.710276
0.70828
0.704121
0.699967
0.696857
0.696761
0.700329
0.705396
0.709428
0.712095
0.715014
0.717692

0.0208024
0.0140187
0.00454221
0.00286893
0.0175891
0.0374775
0.0623624
0.0882898
0.113227
0.140207
0.188479
0.245859
0.298421
0.369255
0.43601
0.502816
0.576227
0.636334
0.690541
0.730918
0.765273
0.796503
0.819851
0.837147
0.849331
0.856022
0.859749
0.862845
0.865099
0.867431
0.871348
0.873685
0.8735
0.874245
0.875926
0.877085
0.877148
0.875466
0.87439
0.872778
0.872189
0.872398
0.871668
0.870741
0.869332
0.867668
0.866731
0.866362
0.866365
0.86547
0.86476
0.86662
0.868511
0.86708
0.865509
0.868645
0.871631
0.871434
0.869952
0.869061
0.867588
0.867818
0.870483
0.87386
0.875852
0.876789
0.875746
0.872636
0.870031
0.869449
0.8711
0.871762
0.872262
0.872956
0.872665
0.872627
0.873576
0.873974
0.872658
0.869411
0.865705
0.864945
0.86699
0.872082
0.876514
0.877903
0.876815
0.875975
0.87541
0.872787
0.869804
0.867994
0.867356
0.867303
0.867128
0.868257
0.870403
0.872227
0.872855
0.873197
0.874088

0.0134624
0.015735
0.0197371
0.00686834
0.00823296
0.0452865
0.108354
0.225805
0.370581
0.494804
0.655935
0.770852
0.848043
0.895173
0.921201
0.93415
0.939816
0.942373
0.943841
0.945318
0.947418
0.948505
0.948982
0.94927
0.949445
0.949546
0.949602
0.949633
0.94965
0.949659
0.949663
0.949666
0.949667
0.949668
0.949668
0.949668
0.949668
0.949668
0.949668
0.949668
0.949668
0.949668
0.949668
0.949668
0.949668
0.949668
0.949668
0.949668
0.949668
0.949668
0.949668
0.949668
0.949668
0.949668
0.949668
0.949668
0.949668
0.949668
0.949668
0.949668
0.949668
0.949668
0.949668
0.949668
0.949668
0.949668
0.949668
0.949668
0.949668
0.949668
0.949668
0.949668
0.949668
0.949668
0.949668
0.949668
0.949668
0.949668
0.949668
0.949668
0.949668
0.949668
0.949668
0.949668
0.949668
0.949668
0.949668
0.949668
0.949668
0.949668
0.949668
0.949668
0.949668
0.949668
0.949668
0.949668
0.949668
0.949668
0.949668
0.949668
0.949668

0.0163394
0.0264964
0.040137
0.0608663
0.0906835
0.135873
0.208217
0.318327
0.467921
0.634501
0.783641
0.879296
0.930074
0.954244
0.964292
0.968165
0.969595
0.970168
0.970413
0.970522
0.970572
0.970594
0.970604
0.970609
0.970611
0.970612
0.970612
0.970612
0.970613
0.970613
0.970613
0.970613
0.970613
0.970613
0.970613
0.970613
0.970613
0.970613
0.970613
0.970613
0.970613
0.970613
0.970613
0.970613
0.970613
0.970613
0.970613
0.970613
0.970613
0.970613
0.970613
0.970613
0.970613
0.970613
0.970613
0.970613
0.970613
0.970613
0.970613
0.970613
0.970613
0.970613
0.970613
0.970613
0.970613
0.970613
0.970613
0.970613
0.970613
0.970613
0.970613
0.970613
0.970613
0.970613
0.970613
0.970613
0.970613
0.970613
0.970613
0.970613
0.970613
0.970613
0.970613
0.970613
0.970613
0.970613
0.970613
0.970613
0.970613
0.970613
0.970613
0.970613
0.970613
0.970613
0.970613
0.970613
0.970613
0.970613
0.970613
0.970613
0.970613

