0.0034237
0.005888
0.0172628
0.0243138
0.0274151
0.0263431
0.0197534
0.0104649
0.00147714
0.00549281
0.00801357
0.00592209
0.00193397
0.0040379
0.00649137
0.00534627
6.54492e-05
0.00744733
0.0162723
0.0234227
0.0271077
0.0262763
0.0213893
0.0134033
0.0051356
0.00164847
0.00623955
0.00777792
0.00698093
0.00455218
0.00187661
0.000752491
0.000254288
7.42105e-06
0.00115955
0.00162341
0.00471429
0.00852115
0.0126389
0.0163398
0.0197482
0.0216634
0.022549
0.0229162
0.0232081
0.0230062
0.0221287
0.0209881
0.0181245
0.0132595
0.00617442
0.00191372
0.00856869
0.012909
0.0135387
0.0105014
0.00416366
0.00342846
0.0101472
0.0148107
0.014895
0.011717
0.00484167
0.00328029
0.0108979
0.015681
0.0168865
0.0153862
0.0117303
0.00783171
0.00577431
0.00553161
0.00699597
0.00972069
0.0125743
0.0144275
0.0156959
0.0113767
0.0101206
0.00990141
0.013161
0.0195
0.0294443
0.0398611
0.0490956
0.054697
0.0552931
0.0494149
0.039615
0.0273519
0.0158843
0.00683864
0.00170253
0.000500425
0.000286574
0.0013034
0.00190083
0.000955117
0.00133787
0.00435477
0.00693567

0.0342259
0.0384597
0.0421535
0.0443796
0.0456473
0.0454636
0.0448684
0.0425043
0.0401847
0.0381079
0.0342209
0.0319263
0.0296406
0.0295891
0.0324868
0.0376663
0.0441501
0.052755
0.0634745
0.0752566
0.0871257
0.0972734
0.104892
0.109441
0.11175
0.110505
0.107686
0.103809
0.0996523
0.0971726
0.0958851
0.0958875
0.0994515
0.100487
0.101041
0.100315
0.0983701
0.0916042
0.087626
0.0816448
0.0773547
0.0768609
0.0798163
0.0823159
0.0869578
0.0930103
0.102336
0.109108
0.113875
0.115174
0.115178
0.113872
0.111546
0.108641
0.104741
0.0989299
0.0925554
0.0859313
0.0795034
0.0705505
0.0621383
0.0576296
0.0524101
0.04778
0.0481078
0.0512966
0.0559797
0.0642595
0.0708088
0.0779628
0.0781081
0.0773871
0.0731363
0.06679
0.0653538
0.0581462
0.0630735
0.0615036
0.0657293
0.0693732
0.0691512
0.0721952
0.0752055
0.078957
0.0819327
0.0890847
0.0996229
0.11044
0.114846
0.119152
0.123655
0.131
0.129276
0.123344
0.124913
0.122156
0.123022
0.122575
0.126432
0.127864
0.127987

0.0376801
0.0528483
0.0686812
0.0834755
0.0955859
0.103937
0.109541
0.113974
0.113703
0.115545
0.127156
0.135056
0.136636
0.152792
0.177791
0.201047
0.223741
0.224589
0.226471
0.21928
0.195043
0.18377
0.139709
0.087973
0.0542468
0.0288319
0.0224715
0.0332179
0.0565767
0.00638899
0.020365
0.0419217
0.0382695
0.0626445
0.0927
0.0970078
0.141958
0.16985
0.183166
0.209636
0.232924
0.232911
0.235901
0.222503
0.225462
0.230133
0.238945
0.25436
0.276627
0.294151
0.269457
0.264882
0.276195
0.262486
0.258207
0.260162
0.261564
0.277349
0.282184
0.305003
0.284599
0.273647
0.244369
0.247014
0.243889
0.230816
0.218384
0.22767
0.255475
0.273113
0.291981
0.293268
0.286604
0.275513
0.257938
0.254673
0.268995
0.263272
0.257832
0.274572
0.304536
0.301213
0.300261
0.299478
0.306387
0.313751
0.304932
0.286986
0.269456
0.260333
0.260171
0.242362
0.226833
0.233015
0.248731
0.277413
0.258341
0.275416
0.267029
0.242798
0.247264

0.024234
0.0397054
0.0567823
0.0739585
0.0929762
0.111224
0.130224
0.150105
0.173863
0.186493
0.210946
0.211918
0.243022
0.238926
0.207902
0.243697
0.163736
0.00748897
0.0411771
0.123248
0.233617
0.274616
0.327604
0.35973
0.382539
0.380334
0.384593
0.363325
0.365934
0.358384
0.310505
0.280538
0.244677
0.215327
0.203464
0.201027
0.172863
0.151463
0.130338
0.109653
0.0657546
0.0368338
0.00759714
0.0208609
0.0270685
0.0380464
0.0539503
0.0709054
0.102733
0.145751
0.191641
0.24167
0.291611
0.339765
0.408504
0.417019
0.427167
0.502632
0.521468
0.550141
0.596716
0.665077
0.694434
0.755422
0.773924
0.793092
0.798291
0.814373
0.824726
0.830003
0.83809
0.850919
0.864982
0.868587
0.871854
0.865084
0.855037
0.830384
0.803173
0.769463
0.715176
0.676098
0.599874
0.566132
0.491717
0.460817
0.438367
0.419042
0.402447
0.364739
0.302168
0.246104
0.217469
0.209647
0.174052
0.153018
0.132067
0.110431
0.0965172
0.0462033
0.00144795

0.00321644
0.0111358
0.0174837
0.0223902
0.0316999
0.0422084
0.0688769
0.113632
0.176386
0.26556
0.397411
0.52944
0.671595
0.77182
0.842008
0.882061
0.909837
0.926449
0.935756
0.940982
0.943833
0.945658
0.947235
0.948503
0.949118
0.949375
0.9495
0.949568
0.949608
0.949631
0.949646
0.949654
0.94966
0.949663
0.949665
0.949666
0.949667
0.949667
0.949667
0.949667
0.949668
0.949668
0.949668
0.949668
0.949668
0.949668
0.949668
0.949668
0.949668
0.949668
0.949668
0.949668
0.949668
0.949668
0.949668
0.949668
0.949668
0.949668
0.949668
0.949668
0.949668
0.949668
0.949668
0.949668
0.949668
0.949668
0.949668
0.949668
0.949668
0.949668
0.949668
0.949668
0.949668
0.949668
0.949668
0.949668
0.949668
0.949668
0.949668
0.949668
0.949668
0.949668
0.949668
0.949668
0.949668
0.949668
0.949668
0.949668
0.949668
0.949668
0.949668
0.949668
0.949668
0.949668
0.949668
0.949668
0.949668
0.949668
0.949668
0.949668
0.949668

0.00174212
0.00326355
0.00424574
0.000141626
0.00451474
0.0126627
0.0404811
0.0909445
0.182379
0.397147
0.628947
0.797398
0.889546
0.929237
0.950405
0.961485
0.966564
0.968746
0.969781
0.970249
0.970451
0.97054
0.97058
0.970598
0.970606
0.970609
0.970611
0.970612
0.970612
0.970613
0.970613
0.970613
0.970613
0.970613
0.970613
0.970613
0.970613
0.970613
0.970613
0.970613
0.970613
0.970613
0.970613
0.970613
0.970613
0.970613
0.970613
0.970613
0.970613
0.970613
0.970613
0.970613
0.970613
0.970613
0.970613
0.970613
0.970613
0.970613
0.970613
0.970613
0.970613
0.970613
0.970613
0.970613
0.970613
0.970613
0.970613
0.970613
0.970613
0.970613
0.970613
0.970613
0.970613
0.970613
0.970613
0.970613
0.970613
0.970613
0.970613
0.970613
0.970613
0.970613
0.970613
0.970613
0.970613
0.970613
0.970613
0.970613
0.970613
0.970613
0.970613
0.970613
0.970613
0.970613
0.970613
0.970613
0.970613
0.970613
0.970613
0.970613
0.970613

