0.0157813
0.0131545
0.00802873
0.00341394
0.00142771
0.00364247
0.0104148
0.0212791
0.0352069
0.0498975
0.0630905
0.0732738
0.0794122
0.0817614
0.0807554
0.0756996
0.0703493
0.0650681
0.0603314
0.0549986
0.0483704
0.0391006
0.0307226
0.0202485
0.0120292
0.00735655
0.00587244
0.00782059
0.0139228
0.019211
0.0256817
0.0307631
0.0344237
0.0352344
0.0337593
0.031357
0.0295255
0.0269503
0.0251368
0.023711
0.0227287
0.0203794
0.0200433
0.0213253
0.0253274
0.0313193
0.0384747
0.0469334
0.0543157
0.0597723
0.061897
0.0595001
0.0532693
0.0434105
0.0317661
0.021187
0.0147345
0.0123136
0.0143043
0.0190313
0.0249719
0.0336936
0.0405346
0.0413388
0.0403501
0.0371157
0.0298884
0.0219295
0.0141112
0.00764535
0.00127997
0.00577484
0.00974065
0.0129678
0.0160199
0.0178236
0.01801
0.0152404
0.0135989
0.0115535
0.00943575
0.00632907
0.00532666
0.00406193
0.00451338
0.00644258
0.00830681
0.010336
0.0111141
0.00837862
0.00453836
0.00145417
0.00707631
0.0155183
0.0232716
0.0298883
0.0345491
0.0367882
0.0364389
0.0317576
0.0250044

0.00932132
0.0133022
0.0151326
0.0135384
0.0109673
0.00447074
0.000951433
0.00467668
0.00606588
0.00668742
0.00520343
0.00179979
0.00220416
0.00476566
0.00232948
0.00274196
0.0107992
0.0223101
0.0334557
0.0431181
0.0499292
0.0513266
0.0528845
0.0493575
0.0383829
0.0283666
0.0202869
0.0156374
0.0143766
0.0195472
0.0291112
0.0404093
0.0558881
0.0685816
0.0776765
0.0826891
0.0838925
0.0811877
0.0779953
0.0738358
0.0740156
0.0776103
0.0858476
0.0957316
0.103796
0.109239
0.112234
0.109255
0.101913
0.0918881
0.0823506
0.074297
0.070453
0.0674766
0.0716637
0.0717408
0.0712936
0.0685252
0.0646823
0.06205
0.0516465
0.0450345
0.0376162
0.0342226
0.0325484
0.0308675
0.0339312
0.0366448
0.0374673
0.0383502
0.0399735
0.0430734
0.0470396
0.0530906
0.0582263
0.0646883
0.0702602
0.0732291
0.0740728
0.0727676
0.0706563
0.0684925
0.0673779
0.0688881
0.0727535
0.0763663
0.0806822
0.085199
0.0872495
0.0868249
0.0850881
0.0836684
0.0841671
0.086255
0.0898268
0.0956206
0.10233
0.109589
0.116967
0.122492
0.12574

0.00201992
0.00263671
0.0076582
0.0121792
0.0167104
0.0209972
0.0247974
0.0269939
0.0279131
0.028313
0.0270895
0.023662
0.0208711
0.0175224
0.0152532
0.0126259
0.01044
0.00303879
0.000783725
0.0075802
0.0134219
0.0165467
0.0152966
0.0137501
0.0161293
0.0187248
0.0194414
0.0264378
0.0320571
0.0423762
0.0708329
0.096311
0.115677
0.130083
0.160516
0.187575
0.208493
0.235865
0.281845
0.318812
0.342289
0.37678
0.418781
0.445317
0.483221
0.513695
0.532522
0.558008
0.562843
0.57084
0.585297
0.593338
0.608893
0.615211
0.627585
0.637466
0.64247
0.646752
0.645341
0.652739
0.66045
0.669174
0.673447
0.673241
0.668752
0.661514
0.661898
0.666714
0.674291
0.681847
0.688476
0.693323
0.699401
0.710203
0.715545
0.712803
0.706379
0.697506
0.686692
0.67704
0.662743
0.658637
0.656586
0.641976
0.644876
0.642998
0.645064
0.663738
0.669242
0.678367
0.679657
0.676469
0.670562
0.668126
0.672718
0.673453
0.677052
0.68118
0.681167
0.681221
0.682913

0.0072141
0.0143633
0.0279025
0.0471908
0.0767352
0.0934547
0.121089
0.155304
0.199194
0.240174
0.311571
0.388313
0.464698
0.548647
0.614491
0.678007
0.725626
0.767275
0.793675
0.815824
0.831108
0.838634
0.841728
0.845239
0.85058
0.852992
0.853399
0.853848
0.854219
0.859136
0.863083
0.867538
0.872738
0.876616
0.877923
0.877908
0.87942
0.882231
0.883713
0.882891
0.879791
0.874902
0.872655
0.871832
0.869692
0.866164
0.863213
0.857525
0.853258
0.851605
0.850814
0.852723
0.854781
0.857361
0.85871
0.860563
0.861568
0.862642
0.865738
0.863248
0.863624
0.865347
0.86489
0.866064
0.865341
0.862383
0.859958
0.858395
0.856972
0.857658
0.855358
0.853886
0.854052
0.853515
0.849825
0.850859
0.852248
0.855188
0.858335
0.859632
0.859511
0.857007
0.854317
0.848113
0.842269
0.838321
0.83895
0.843335
0.842183
0.843581
0.84001
0.837471
0.835678
0.834819
0.837549
0.840697
0.840984
0.848833
0.853049
0.855999
0.856883

0.000764172
0.00609594
0.01797
0.0347948
0.059236
0.0903203
0.13068
0.189556
0.262699
0.350504
0.473262
0.607905
0.728488
0.8137
0.870087
0.902613
0.921754
0.934081
0.942141
0.945974
0.947601
0.948451
0.948951
0.949247
0.949421
0.949522
0.949582
0.949617
0.949638
0.94965
0.949657
0.949661
0.949664
0.949665
0.949666
0.949667
0.949667
0.949667
0.949668
0.949668
0.949668
0.949668
0.949668
0.949668
0.949668
0.949668
0.949668
0.949668
0.949668
0.949668
0.949668
0.949668
0.949668
0.949668
0.949668
0.949668
0.949668
0.949668
0.949668
0.949668
0.949668
0.949668
0.949668
0.949668
0.949668
0.949668
0.949668
0.949668
0.949668
0.949668
0.949668
0.949668
0.949668
0.949668
0.949668
0.949668
0.949668
0.949668
0.949668
0.949668
0.949668
0.949668
0.949668
0.949668
0.949668
0.949668
0.949668
0.949668
0.949668
0.949668
0.949668
0.949668
0.949668
0.949668
0.949668
0.949668
0.949668
0.949668
0.949668
0.949668
0.949668

0.0206845
0.0249554
0.028344
0.0321938
0.0347749
0.00224268
0.0785998
0.229083
0.480309
0.690983
0.838155
0.91149
0.94469
0.958631
0.96632
0.969302
0.970167
0.970435
0.970535
0.970578
0.970597
0.970605
0.970609
0.970611
0.970612
0.970612
0.970612
0.970613
0.970613
0.970613
0.970613
0.970613
0.970613
0.970613
0.970613
0.970613
0.970613
0.970613
0.970613
0.970613
0.970613
0.970613
0.970613
0.970613
0.970613
0.970613
0.970613
0.970613
0.970613
0.970613
0.970613
0.970613
0.970613
0.970613
0.970613
0.970613
0.970613
0.970613
0.970613
0.970613
0.970613
0.970613
0.970613
0.970613
0.970613
0.970613
0.970613
0.970613
0.970613
0.970613
0.970613
0.970613
0.970613
0.970613
0.970613
0.970613
0.970613
0.970613
0.970613
0.970613
0.970613
0.970613
0.970613
0.970613
0.970613
0.970613
0.970613
0.970613
0.970613
0.970613
0.970613
0.970613
0.970613
0.970613
0.970613
0.970613
0.970613
0.970613
0.970613
0.970613
0.970613

