0.000629922
0.00261254
0.00839782
0.014616
0.0202361
0.0251773
0.0245992
0.0197168
0.011969
0.00255338
0.00631445
0.0129716
0.0162789
0.0159088
0.0130232
0.00913192
0.00608135
0.00516198
0.00685171
0.0118758
0.0186763
0.0258587
0.0314698
0.034277
0.0335433
0.0285202
0.0230327
0.0158023
0.00967618
0.00614796
0.00503187
0.00727189
0.0113461
0.0166839
0.0181233
0.0167843
0.0166184
0.016341
0.0141998
0.0101744
0.00696363
0.005287
0.00534321
0.00639847
0.00854825
0.0101446
0.0101987
0.0077047
0.00418809
0.000699097
0.00775165
0.0159038
0.0221869
0.0259396
0.0264001
0.0238751
0.0175339
0.00887643
0.00143578
0.0109531
0.0175607
0.0196908
0.0199053
0.0175674
0.0108887
0.00341299
0.0034902
0.0108657
0.0157601
0.0181791
0.0188477
0.018116
0.0170649
0.0166923
0.0169514
0.0183614
0.0206461
0.0233625
0.0263993
0.0277029
0.0275149
0.0250255
0.0217823
0.015625
0.00946544
0.00349428
0.00167006
0.00481161
0.00463001
0.00175103
0.00214255
0.00614007
0.00897751
0.00899411
0.00587526
0.00143413
0.0119329
0.0230082
0.0336534
0.0429082
0.0483698

0.0128632
0.0104158
0.00831885
0.00634333
0.00226421
0.00327146
0.00679132
0.00936058
0.0122781
0.014057
0.0158158
0.0165596
0.0165245
0.0164765
0.0161953
0.0147802
0.0110964
0.00807838
0.000776056
0.00974251
0.0178245
0.0226324
0.0309145
0.0384347
0.0439469
0.0484739
0.051728
0.0555632
0.0611093
0.0685173
0.0753834
0.0842384
0.0926693
0.100947
0.105997
0.107311
0.104568
0.0997687
0.0937868
0.0876777
0.0830485
0.0813778
0.0812104
0.08291
0.086601
0.0890934
0.0924828
0.0950412
0.0975416
0.0986794
0.0989175
0.0983217
0.0939875
0.0879131
0.0790585
0.0697752
0.0623764
0.0566461
0.0560035
0.0600415
0.0687943
0.0827089
0.0978867
0.112905
0.126612
0.136058
0.139961
0.139558
0.136002
0.130242
0.123564
0.118623
0.116255
0.117002
0.120573
0.125803
0.130952
0.13443
0.135396
0.133316
0.128837
0.121795
0.112783
0.103204
0.0937617
0.0858935
0.0807116
0.0796279
0.0816655
0.0857214
0.0909695
0.0961645
0.0995715
0.0989517
0.0968338
0.0928369
0.0886022
0.0868307
0.0872552
0.0941546
0.0981509

0.0184204
0.0207284
0.020415
0.0178373
0.0175268
0.0173525
0.0208586
0.0257135
0.0255066
0.027632
0.0294541
0.0325111
0.0377177
0.0495106
0.0626631
0.0770964
0.0881734
0.110879
0.130795
0.152936
0.166967
0.181869
0.194723
0.204729
0.237612
0.279384
0.320191
0.352028
0.396115
0.429167
0.463862
0.488957
0.509842
0.523652
0.532419
0.533074
0.539746
0.557068
0.572024
0.577024
0.588114
0.610223
0.625769
0.644648
0.659678
0.667776
0.670744
0.676029
0.683744
0.690799
0.689719
0.683448
0.683271
0.675906
0.669413
0.66563
0.663089
0.668468
0.672824
0.676957
0.68845
0.694106
0.695801
0.703823
0.7041
0.702064
0.694712
0.690912
0.679106
0.668901
0.665943
0.663232
0.665951
0.673896
0.690301
0.698434
0.703692
0.706135
0.706721
0.695997
0.688914
0.680029
0.682131
0.675048
0.680143
0.683542
0.682487
0.692464
0.692055
0.692786
0.687182
0.687088
0.676525
0.676239
0.681696
0.684526
0.686677
0.694845
0.703225
0.706773
0.703912

0.0264257
0.0292013
0.028113
0.0250371
0.0199028
0.0138297
0.0110203
0.0138733
0.022667
0.0388772
0.0623845
0.0910558
0.122003
0.153426
0.185029
0.217183
0.244575
0.269349
0.306633
0.339945
0.334808
0.25684
0.134114
0.00582533
0.0253418
0.116795
0.14043
0.203853
0.283988
0.32771
0.364766
0.37094
0.425649
0.484585
0.493029
0.499639
0.52228
0.523996
0.559238
0.573057
0.591845
0.597528
0.599108
0.603701
0.601365
0.617122
0.647801
0.656817
0.661825
0.668115
0.679745
0.690229
0.694746
0.692088
0.701351
0.696915
0.693277
0.692869
0.691866
0.701968
0.71402
0.71866
0.724328
0.723652
0.717966
0.721373
0.724839
0.724865
0.72942
0.731206
0.72911
0.733758
0.736473
0.743595
0.743065
0.746052
0.75127
0.7619
0.773295
0.78499
0.797339
0.807294
0.814066
0.820154
0.81765
0.8092
0.805273
0.806086
0.806213
0.810968
0.812417
0.815069
0.813317
0.811157
0.810614
0.809405
0.813721
0.817309
0.821865
0.828223
0.83686

0.0406744
0.0666418
0.102395
0.151608
0.21687
0.298658
0.396434
0.499519
0.603098
0.696083
0.77494
0.839911
0.887635
0.916547
0.932217
0.939203
0.94235
0.945215
0.948242
0.949393
0.949622
0.949668
0.949678
0.949679
0.949677
0.949675
0.949673
0.949672
0.94967
0.94967
0.949669
0.949669
0.949668
0.949668
0.949668
0.949668
0.949668
0.949668
0.949668
0.949668
0.949668
0.949668
0.949668
0.949668
0.949668
0.949668
0.949668
0.949668
0.949668
0.949668
0.949668
0.949668
0.949668
0.949668
0.949668
0.949668
0.949668
0.949668
0.949668
0.949668
0.949668
0.949668
0.949668
0.949668
0.949668
0.949668
0.949668
0.949668
0.949668
0.949668
0.949668
0.949668
0.949668
0.949668
0.949668
0.949668
0.949668
0.949668
0.949668
0.949668
0.949668
0.949668
0.949668
0.949668
0.949668
0.949668
0.949668
0.949668
0.949668
0.949668
0.949668
0.949668
0.949668
0.949668
0.949668
0.949668
0.949668
0.949668
0.949668
0.949668
0.949668

0.00192182
0.000536531
0.00522751
0.0127642
0.0257902
0.0452165
0.074812
0.119441
0.186615
0.2857
0.421939
0.583842
0.734397
0.841643
0.904854
0.938533
0.955041
0.962678
0.96643
0.968071
0.969391
0.970247
0.9705
0.97057
0.970594
0.970604
0.970609
0.970611
0.970612
0.970612
0.970612
0.970613
0.970613
0.970613
0.970613
0.970613
0.970613
0.970613
0.970613
0.970613
0.970613
0.970613
0.970613
0.970613
0.970613
0.970613
0.970613
0.970613
0.970613
0.970613
0.970613
0.970613
0.970613
0.970613
0.970613
0.970613
0.970613
0.970613
0.970613
0.970613
0.970613
0.970613
0.970613
0.970613
0.970613
0.970613
0.970613
0.970613
0.970613
0.970613
0.970613
0.970613
0.970613
0.970613
0.970613
0.970613
0.970613
0.970613
0.970613
0.970613
0.970613
0.970613
0.970613
0.970613
0.970613
0.970613
0.970613
0.970613
0.970613
0.970613
0.970613
0.970613
0.970613
0.970613
0.970613
0.970613
0.970613
0.970613
0.970613
0.970613
0.970613

