0.00675174
0.0122653
0.0128763
0.0119383
0.00985371
0.00498942
0.00159923
0.000694911
6.62468e-05
0.00291545
0.00659558
0.00901235
0.0104821
0.010092
0.00597379
0.000584867
0.00838254
0.0165987
0.0232149
0.0279427
0.0279578
0.0260029
0.0211183
0.014068
0.00733252
0.00122148
0.00297002
0.00498205
0.00485411
0.0027527
0.000649144
0.00423269
0.00757216
0.00959426
0.00997063
0.0086556
0.00588832
0.00232846
0.00127078
0.00424158
0.00593225
0.00607895
0.00473912
0.00252275
0.000113814
0.00235663
0.00352103
0.00326279
0.0014185
0.00154401
0.00542889
0.0091953
0.0130844
0.0136736
0.0128859
0.0123827
0.0110671
0.0106814
0.00970934
0.0137675
0.0182113
0.0257679
0.0335509
0.0401785
0.0451511
0.0473469
0.0442641
0.0378386
0.026439
0.0123618
0.00388657
0.0198407
0.0328383
0.0406092
0.0415224
0.0354376
0.0238813
0.00909967
0.00567075
0.0178299
0.0251391
0.0266522
0.0229028
0.0153769
0.00682358
0.000640826
0.00467498
0.00401749
0.000817444
0.0081337
0.0165464
0.0241684
0.0294188
0.0306562
0.0282203
0.0221999
0.0156229
0.00828787
0.00222014
0.00323224
0.00190037

0.0478572
0.0447343
0.0361042
0.0251231
0.0102086
0.00418193
0.0156789
0.0243823
0.0291892
0.0301703
0.0284867
0.0247022
0.0191084
0.0141244
0.0115986
0.0112195
0.0137631
0.0173442
0.0218111
0.0279526
0.0302637
0.0301519
0.0268498
0.0215731
0.0159772
0.0125824
0.0119652
0.0134346
0.0176849
0.0225039
0.0277476
0.0317455
0.030326
0.0265622
0.0195647
0.0100577
0.000195551
0.00848906
0.013405
0.0139592
0.0115028
0.00624001
4.96025e-07
0.00622727
0.0106236
0.0142739
0.0172847
0.0179757
0.0203064
0.0206454
0.020492
0.0208977
0.0204459
0.0195902
0.0183154
0.0168284
0.0153356
0.0135413
0.013023
0.0137839
0.0164114
0.023016
0.0308622
0.0397804
0.049641
0.0573642
0.0654997
0.0713894
0.0744794
0.0744879
0.0719742
0.0680662
0.0637522
0.0604997
0.0599006
0.0596947
0.0631426
0.0706
0.0821006
0.0926059
0.102854
0.111382
0.117633
0.120795
0.120305
0.11672
0.109675
0.100466
0.0895803
0.079081
0.0736779
0.0597349
0.055733
0.0596577
0.0612033
0.0661743
0.0699058
0.0715784
0.0759995
0.0832168
0.0821049

0.0120647
0.0233341
0.0344633
0.0471957
0.0568907
0.0641847
0.062988
0.0602605
0.0550841
0.0491231
0.0443872
0.0416635
0.0494373
0.0618746
0.0724012
0.0786572
0.0801379
0.0795189
0.0742949
0.0609306
0.0452659
0.0162829
0.0109213
0.0315505
0.0440399
0.0744857
0.0957143
0.112035
0.13028
0.14828
0.188605
0.211895
0.265328
0.274294
0.314956
0.346166
0.384269
0.413394
0.449353
0.466406
0.47276
0.493068
0.502565
0.519379
0.553858
0.575449
0.596666
0.609453
0.625918
0.653072
0.656967
0.66243
0.647909
0.630509
0.618682
0.603207
0.611794
0.613734
0.609465
0.616187
0.621383
0.626753
0.624996
0.607758
0.6036
0.602874
0.597707
0.591309
0.585281
0.585954
0.602625
0.6187
0.634256
0.647531
0.648715
0.666579
0.65938
0.65409
0.647678
0.644258
0.637232
0.628144
0.618641
0.616192
0.606091
0.609207
0.595563
0.609793
0.62247
0.646069
0.650176
0.647908
0.643393
0.637517
0.640655
0.635538
0.630394
0.626899
0.603796
0.598398
0.598407

0.000298511
0.00615876
0.0137496
0.0201937
0.0246283
0.0265868
0.0258861
0.0159104
0.000835208
0.000934497
0.015965
0.0282839
0.0604321
0.0779311
0.134723
0.200476
0.265613
0.362063
0.480522
0.570081
0.629946
0.687412
0.725991
0.76721
0.788591
0.797532
0.808785
0.816575
0.824217
0.838123
0.846199
0.849179
0.855912
0.859283
0.862822
0.869129
0.873057
0.874193
0.875098
0.876905
0.874921
0.871329
0.868712
0.867337
0.865128
0.862053
0.859812
0.858306
0.856258
0.856278
0.857055
0.858709
0.859151
0.860047
0.864377
0.870457
0.874462
0.8751
0.874305
0.871649
0.868979
0.864476
0.863726
0.865778
0.866944
0.866519
0.865686
0.863792
0.864085
0.865224
0.866731
0.867932
0.86836
0.868559
0.868022
0.869297
0.872444
0.87401
0.872043
0.867747
0.863303
0.861989
0.863774
0.864612
0.86501
0.864498
0.867531
0.873318
0.876792
0.877262
0.877206
0.876881
0.87611
0.873123
0.870373
0.869131
0.867303
0.866324
0.868386
0.870315
0.869983

0.0104867
0.0143126
0.0200362
0.028182
0.0383566
0.050844
0.0627452
0.0761839
0.0900151
0.114239
0.137658
0.164973
0.183869
0.160743
0.10038
0.0802625
0.268365
0.485719
0.627822
0.698872
0.757906
0.788906
0.791142
0.799798
0.797525
0.794745
0.791727
0.791878
0.781957
0.778612
0.768263
0.764762
0.75764
0.746722
0.739295
0.731749
0.727934
0.724089
0.716311
0.70842
0.70842
0.70842
0.70842
0.70842
0.704433
0.692303
0.688205
0.684079
0.684079
0.684079
0.679927
0.671542
0.66731
0.658766
0.654456
0.641369
0.628054
0.619053
0.596127
0.582087
0.582087
0.56784
0.55823
0.54365
0.538747
0.508888
0.488578
0.473142
0.473142
0.457538
0.441771
0.420506
0.404382
0.377192
0.32733
0.304824
0.270708
0.241983
0.224631
0.195537
0.177986
0.154487
0.124979
0.0953465
0.0834657
0.0596665
0.0298662
0.0178634
0.047679
0.0774477
0.10714
0.1603
0.247678
0.293429
0.349562
0.409707
0.436416
0.483389
0.52385
0.582029
0.636901

0.00110062
0.00510415
0.0131181
0.0258105
0.0461828
0.0774453
0.124434
0.205385
0.328459
0.516935
0.698235
0.828574
0.902139
0.938996
0.956413
0.965266
0.968801
0.969931
0.970326
0.970485
0.970555
0.970586
0.9706
0.970607
0.97061
0.970611
0.970612
0.970612
0.970613
0.970613
0.970613
0.970613
0.970613
0.970613
0.970613
0.970613
0.970613
0.970613
0.970613
0.970613
0.970613
0.970613
0.970613
0.970613
0.970613
0.970613
0.970613
0.970613
0.970613
0.970613
0.970613
0.970613
0.970613
0.970613
0.970613
0.970613
0.970613
0.970613
0.970613
0.970613
0.970613
0.970613
0.970613
0.970613
0.970613
0.970613
0.970613
0.970613
0.970613
0.970613
0.970613
0.970613
0.970613
0.970613
0.970613
0.970613
0.970613
0.970613
0.970613
0.970613
0.970613
0.970613
0.970613
0.970613
0.970613
0.970613
0.970613
0.970613
0.970613
0.970613
0.970613
0.970613
0.970613
0.970613
0.970613
0.970613
0.970613
0.970613
0.970613
0.970613
0.970613

