0.014258
0.00657886
0.000611508
0.00548195
0.00691652
0.00570228
0.00187903
0.00156645
0.00469499
0.00621853
0.00599634
0.00381423
0.00180241
0.000220678
0.00234004
0.00807184
0.016489
0.0264218
0.0369518
0.0462835
0.0530236
0.0561513
0.0569029
0.0553661
0.0522052
0.0486238
0.0446728
0.0421677
0.0398449
0.0377504
0.0360587
0.0343176
0.0315993
0.0285316
0.0248993
0.0212915
0.0181032
0.013457
0.00962881
0.00730422
0.00543722
0.00563044
0.00692177
0.00992191
0.0131556
0.0161275
0.0169087
0.0176073
0.0175609
0.0166814
0.0151442
0.0119535
0.0100127
0.00738854
0.00540525
0.00442693
0.00422119
0.00410212
0.00352174
0.00336142
0.00414437
0.00544741
0.00628507
0.00813607
0.00874927
0.00879589
0.00769021
0.00577684
0.00348978
0.00367487
0.00444175
0.0099603
0.0150221
0.0213046
0.0261901
0.030518
0.0322919
0.0305419
0.025008
0.0188853
0.0107851
0.00135279
0.00712047
0.0104303
0.0102382
0.0075564
0.00361146
0.000119711
0.00173958
0.00164297
0.000194324
0.00232642
0.00323116
0.00176288
0.00249217
0.00856692
0.0148077
0.0196623
0.021016
0.0177736
0.010858

0.0472973
0.0414814
0.0305019
0.015972
9.9903e-05
0.0157509
0.0294506
0.0399628
0.0462685
0.0489678
0.0486365
0.0431517
0.0389394
0.0300852
0.0210986
0.0122133
0.00515537
0.000716624
0.000430428
0.00162673
0.00534898
0.00915508
0.0107128
0.0081618
0.00154609
0.00544291
0.0146314
0.024389
0.0300511
0.0326816
0.0327428
0.0292589
0.0243364
0.0212093
0.020233
0.0253026
0.0348161
0.0489224
0.0622421
0.0740995
0.0829202
0.0881858
0.0874273
0.0834586
0.0727394
0.0587722
0.0485252
0.0388288
0.0331897
0.0284543
0.0268022
0.0284667
0.030221
0.0313347
0.034329
0.0324699
0.0288361
0.0230032
0.0146408
0.010787
0.00469091
0.00633974
0.0130478
0.0161787
0.013853
0.0150307
0.00882629
0.00230786
0.0152137
0.0276552
0.0415789
0.0489188
0.0568583
0.062212
0.0660156
0.0619506
0.0593136
0.0583744
0.0564761
0.0509949
0.0466945
0.0430763
0.0396562
0.0352717
0.0305848
0.0272969
0.0272022
0.0307214
0.0373242
0.0443958
0.0540307
0.0646683
0.0755042
0.084452
0.0904287
0.0927947
0.0916983
0.0876442
0.0819431
0.0760646
0.0717325

0.00339617
0.0112983
0.0234904
0.036626
0.0519424
0.0656737
0.0794263
0.0934142
0.107709
0.123071
0.138878
0.154807
0.170218
0.187662
0.205807
0.226029
0.245578
0.264247
0.283992
0.302833
0.320143
0.336335
0.352359
0.369357
0.39353
0.419705
0.446633
0.471242
0.493676
0.515756
0.537182
0.555967
0.570306
0.581489
0.592773
0.606176
0.621316
0.636437
0.649998
0.660896
0.670513
0.680798
0.690312
0.697214
0.702233
0.704058
0.701826
0.697721
0.694528
0.695124
0.699032
0.703586
0.708278
0.712728
0.714756
0.713247
0.709099
0.704773
0.700867
0.697402
0.695903
0.697013
0.699601
0.703545
0.705995
0.707215
0.707369
0.705996
0.702457
0.699004
0.696342
0.693359
0.690627
0.6903
0.692232
0.696282
0.701136
0.703128
0.70228
0.701703
0.703886
0.705917
0.705342
0.703166
0.70088
0.700189
0.701129
0.702036
0.703171
0.707206
0.715309
0.72482
0.730753
0.729472
0.720939
0.710704
0.703359
0.70026
0.699805
0.699192
0.698463

0.0153062
0.0204394
0.0271764
0.0355211
0.0468023
0.0580211
0.0710133
0.0895333
0.105815
0.126406
0.139603
0.148994
0.133404
0.0609682
0.00877526
0.0886227
0.212149
0.35688
0.500584
0.572498
0.625081
0.675695
0.724012
0.732
0.749199
0.740432
0.744737
0.751626
0.759305
0.765452
0.773569
0.773718
0.775389
0.781298
0.783007
0.787757
0.793414
0.805166
0.804953
0.804513
0.793742
0.794131
0.789236
0.784413
0.789812
0.797767
0.80158
0.809346
0.820234
0.820647
0.829984
0.827514
0.826079
0.827977
0.836468
0.836633
0.838277
0.837422
0.834197
0.830781
0.830861
0.829315
0.829527
0.830033
0.830304
0.834263
0.836567
0.840485
0.838451
0.838222
0.845001
0.844257
0.847916
0.848971
0.84515
0.845782
0.84527
0.843451
0.842643
0.844063
0.842615
0.841832
0.838254
0.83543
0.837935
0.843219
0.849995
0.85519
0.862567
0.866117
0.868106
0.869922
0.872162
0.869879
0.867327
0.863733
0.861697
0.8572
0.854007
0.850659
0.848553

0.024132
0.0283894
0.0353116
0.0473289
0.0658064
0.0907644
0.122786
0.169053
0.226906
0.29369
0.356715
0.370326
0.340846
0.162608
0.0167491
0.171837
0.3198
0.45738
0.529778
0.584761
0.603696
0.61755
0.627481
0.632506
0.637037
0.641432
0.645789
0.658774
0.675738
0.696352
0.708391
0.724056
0.727899
0.735503
0.746694
0.746693
0.746692
0.746691
0.754006
0.757618
0.761201
0.764754
0.768276
0.768276
0.77523
0.782062
0.78877
0.792077
0.798598
0.808143
0.814347
0.8174
0.8174
0.823411
0.826368
0.835041
0.848836
0.851495
0.85412
0.861793
0.866739
0.871548
0.876219
0.880751
0.882965
0.889398
0.889398
0.893512
0.895516
0.899417
0.899417
0.901315
0.901315
0.901315
0.903176
0.903176
0.903176
0.905003
0.905003
0.906793
0.906793
0.910267
0.910267
0.910267
0.91195
0.91195
0.913597
0.916782
0.916782
0.919823
0.921289
0.921289
0.921289
0.921289
0.924112
0.924112
0.925469
0.925469
0.926789
0.929319
0.930529

0.0239827
0.0326985
0.0385711
0.0376876
0.0111191
0.0527365
0.205951
0.483225
0.716798
0.863708
0.921545
0.94885
0.960419
0.964938
0.968223
0.97013
0.970514
0.970584
0.970602
0.970608
0.97061
0.970612
0.970612
0.970612
0.970613
0.970613
0.970613
0.970613
0.970613
0.970613
0.970613
0.970613
0.970613
0.970613
0.970613
0.970613
0.970613
0.970613
0.970613
0.970613
0.970613
0.970613
0.970613
0.970613
0.970613
0.970613
0.970613
0.970613
0.970613
0.970613
0.970613
0.970613
0.970613
0.970613
0.970613
0.970613
0.970613
0.970613
0.970613
0.970613
0.970613
0.970613
0.970613
0.970613
0.970613
0.970613
0.970613
0.970613
0.970613
0.970613
0.970613
0.970613
0.970613
0.970613
0.970613
0.970613
0.970613
0.970594
0.970594
0.970537
0.970537
0.970537
0.970537
0.970537
0.970537
0.970537
0.970537
0.970537
0.970537
0.970537
0.970537
0.970537
0.970307
0.970135
0.969925
0.969389
0.9687
0.968298
0.96738
0.96738
0.96738

