0.0207368
0.0256668
0.0302088
0.0360135
0.0416551
0.042268
0.0425379
0.041506
0.0394593
0.036003
0.0320476
0.0275321
0.0246746
0.0243274
0.0261375
0.0295044
0.0326103
0.0344929
0.0349007
0.0343111
0.0316351
0.0284159
0.0253671
0.0226487
0.021557
0.0207486
0.0226672
0.0242078
0.0241903
0.0229913
0.021331
0.0182028
0.014615
0.0108643
0.0081815
0.00757569
0.0061478
0.0054911
0.00499566
0.00391207
0.00240364
0.00210848
0.00248809
0.00785204
0.0133256
0.0172088
0.0202719
0.0222049
0.0225198
0.021232
0.018896
0.0165868
0.0155493
0.0132677
0.011676
0.0112833
0.0117003
0.0125138
0.0143159
0.0189516
0.0245945
0.0321596
0.0395849
0.0453663
0.0489321
0.0504248
0.0495246
0.0467045
0.0431796
0.0381393
0.0349252
0.0313209
0.0279665
0.0262075
0.0244014
0.0213604
0.016769
0.0106019
0.00426093
0.00147234
0.00564872
0.00722593
0.00555854
0.00113432
0.0065769
0.0146117
0.0198847
0.0216991
0.0197208
0.0132366
0.00334999
0.00628224
0.0137925
0.0186313
0.0182894
0.0142736
0.00663831
0.000669388
0.00592816
0.0081473
0.00571675

0.0263663
0.0316983
0.0385902
0.0464243
0.0548183
0.0627853
0.06877
0.0739467
0.0723155
0.070683
0.0683456
0.0614805
0.0557831
0.0535948
0.0543937
0.0589837
0.0677146
0.0790647
0.0906768
0.0976996
0.101141
0.0958939
0.089704
0.0856909
0.0791024
0.0799569
0.0837884
0.0926425
0.104768
0.118219
0.128796
0.135366
0.136327
0.131791
0.124228
0.11574
0.109615
0.107105
0.108443
0.112689
0.117253
0.120976
0.121503
0.117991
0.110821
0.10073
0.0896884
0.0800366
0.0730474
0.0694524
0.0693706
0.0722159
0.076125
0.0795063
0.0807536
0.079156
0.07522
0.0697949
0.0637357
0.057299
0.0516248
0.046744
0.0422699
0.039604
0.0381736
0.0377935
0.0380766
0.0390823
0.0433055
0.0494144
0.0553081
0.0592738
0.0651019
0.0702776
0.0738105
0.0784101
0.0822961
0.0860552
0.0909464
0.095165
0.101211
0.106104
0.11127
0.115309
0.112672
0.109919
0.102936
0.0951284
0.0886513
0.0833923
0.0817005
0.0796512
0.0818995
0.0870452
0.0940152
0.103231
0.11354
0.123877
0.132655
0.137735
0.138574

0.00243144
0.00127908
0.00365893
0.00414561
0.00886617
0.0108052
0.0219207
0.0295315
0.0381671
0.0550915
0.0710183
0.081126
0.0897196
0.0990781
0.105287
0.0896392
0.0799167
0.0510413
0.0216914
0.00444223
0.0282514
0.0640903
0.0911095
0.100346
0.113355
0.14107
0.182899
0.221623
0.250375
0.277674
0.298809
0.334466
0.364094
0.403542
0.431998
0.44215
0.455868
0.469873
0.482678
0.489609
0.509929
0.537924
0.556872
0.579385
0.58179
0.585487
0.603807
0.610406
0.614505
0.594264
0.591424
0.575013
0.560761
0.558758
0.561092
0.54166
0.53727
0.548517
0.547167
0.547768
0.554356
0.570009
0.574482
0.57331
0.572918
0.581421
0.578971
0.579402
0.582675
0.579791
0.572199
0.569686
0.56352
0.574369
0.585583
0.598628
0.60115
0.61285
0.607284
0.609431
0.611969
0.610609
0.599106
0.584253
0.556543
0.554898
0.563376
0.556386
0.55673
0.561322
0.570894
0.576199
0.595136
0.614743
0.613817
0.617367
0.616718
0.635658
0.620891
0.609737
0.611762

0.0193468
0.0260465
0.0342168
0.0423368
0.0512031
0.0586776
0.0689922
0.0823649
0.100765
0.127891
0.161303
0.202246
0.256003
0.317454
0.374484
0.439931
0.504452
0.57269
0.633925
0.685371
0.7265
0.763802
0.795964
0.820884
0.83894
0.851121
0.858659
0.86423
0.86769
0.870086
0.873093
0.873411
0.870735
0.867317
0.865249
0.865769
0.867077
0.866673
0.865541
0.864096
0.863063
0.861598
0.861139
0.863634
0.868905
0.873907
0.877849
0.877687
0.874357
0.871307
0.87014
0.87183
0.87378
0.875319
0.876761
0.876397
0.875156
0.8731
0.87177
0.872904
0.874726
0.874087
0.871962
0.870943
0.870851
0.870524
0.86979
0.868984
0.868686
0.867946
0.868575
0.872421
0.877233
0.880373
0.880718
0.878996
0.876013
0.872686
0.870838
0.870279
0.869241
0.866918
0.863737
0.861676
0.861918
0.864209
0.864829
0.864914
0.867079
0.869829
0.873043
0.875343
0.874911
0.873562
0.87284
0.874099
0.876584
0.878442
0.878564
0.876657
0.873431

0.00696749
0.0140416
0.0299174
0.0626814
0.103969
0.189635
0.29758
0.414561
0.536043
0.672251
0.761184
0.827138
0.875238
0.908201
0.922447
0.929247
0.934848
0.941503
0.947019
0.948864
0.949315
0.949466
0.94954
0.949584
0.949612
0.949631
0.949644
0.949652
0.949657
0.949661
0.949663
0.949665
0.949666
0.949667
0.949667
0.949667
0.949667
0.949668
0.949668
0.949668
0.949668
0.949668
0.949668
0.949668
0.949668
0.949668
0.949668
0.949668
0.949668
0.949668
0.949668
0.949668
0.949668
0.949668
0.949668
0.949668
0.949668
0.949668
0.949668
0.949668
0.949668
0.949668
0.949668
0.949668
0.949668
0.949668
0.949668
0.949668
0.949668
0.949668
0.949668
0.949668
0.949668
0.949668
0.949668
0.949668
0.949668
0.949668
0.949668
0.949668
0.949668
0.949668
0.949668
0.949668
0.949668
0.949668
0.949668
0.949668
0.949668
0.949668
0.949668
0.949668
0.949668
0.949668
0.949668
0.949668
0.949668
0.949668
0.949668
0.949668
0.949668

0.00711974
0.0328055
0.0673443
0.114379
0.181067
0.274227
0.404176
0.561533
0.716167
0.826424
0.893217
0.932658
0.952418
0.960389
0.963935
0.96652
0.968069
0.969168
0.97059
0.970776
0.970715
0.970667
0.97064
0.970627
0.97062
0.970616
0.970614
0.970613
0.970613
0.970613
0.970613
0.970613
0.970613
0.970613
0.970613
0.970613
0.970613
0.970613
0.970613
0.970613
0.970613
0.970613
0.970613
0.970613
0.970613
0.970613
0.970613
0.970613
0.970613
0.970613
0.970613
0.970613
0.970613
0.970613
0.970613
0.970613
0.970613
0.970613
0.970613
0.970613
0.970613
0.970613
0.970613
0.970613
0.970613
0.970613
0.970613
0.970613
0.970613
0.970613
0.970613
0.970613
0.970613
0.970613
0.970613
0.970613
0.970613
0.970613
0.970613
0.970613
0.970613
0.970613
0.970613
0.970613
0.970613
0.970613
0.970613
0.970613
0.970613
0.970613
0.970613
0.970613
0.970613
0.970613
0.970613
0.970613
0.970613
0.970613
0.970613
0.970613
0.970613

