0.00542227
0.00521133
0.00042828
0.00490689
0.00882459
0.0102815
0.00992338
0.00755073
0.00268735
0.00528336
0.0138955
0.0176334
0.0188235
0.0148373
0.00568003
0.00723801
0.0196491
0.0299103
0.0354538
0.0345816
0.0290766
0.0204413
0.0111477
0.00363255
0.00137596
0.00243997
0.00781354
0.0147567
0.0225129
0.0276178
0.0291006
0.0265299
0.0206992
0.0145278
0.00888437
0.00693647
0.00885242
0.0142766
0.0222773
0.0302789
0.0360757
0.0386999
0.0388963
0.0342876
0.0289223
0.0204419
0.00925716
0.00131311
0.00801885
0.0102475
0.010547
0.00972727
0.00818204
0.00696883
0.00617898
0.00693274
0.00950117
0.0128678
0.0148303
0.0160091
0.0171009
0.0163546
0.0136901
0.00993106
0.00571112
0.00195111
0.000903712
0.00262253
0.00286306
0.00210498
0.00130953
0.000481453
0.000179005
0.0024514
0.0063836
0.0135903
0.021814
0.0311378
0.0394098
0.0436559
0.0426822
0.0377802
0.0314391
0.0220768
0.0108393
0.000563895
0.010954
0.0188128
0.0229607
0.0245034
0.0201006
0.0129356
0.00252902
0.00959782
0.0192248
0.0260543
0.0291377
0.0278103
0.0220702
0.0135277
0.00346789

0.0292255
0.0320116
0.0366913
0.0437299
0.0515206
0.0599722
0.0697568
0.0776661
0.0835895
0.0865626
0.0873058
0.0868048
0.0838107
0.0800355
0.0780505
0.0753443
0.0771747
0.0812982
0.0871351
0.0930202
0.100984
0.107581
0.113658
0.120701
0.123908
0.126024
0.121374
0.120587
0.119211
0.117811
0.11824
0.116559
0.114663
0.115856
0.116426
0.121385
0.124488
0.128347
0.132081
0.136567
0.139614
0.141354
0.138083
0.131414
0.125725
0.117294
0.107173
0.100084
0.0914851
0.0794146
0.0783206
0.0710209
0.0614194
0.0546177
0.0466569
0.0376556
0.0295307
0.0239139
0.0190655
0.0196838
0.0209431
0.0256883
0.0297158
0.042141
0.0494892
0.053542
0.0538182
0.0515495
0.0476695
0.0520632
0.0540675
0.0622255
0.0715638
0.0823535
0.0983794
0.103335
0.102484
0.0984723
0.0859818
0.0755323
0.0621663
0.0515422
0.0404988
0.0328086
0.0333864
0.0353231
0.0361049
0.0429832
0.0492931
0.0537494
0.0559462
0.0560481
0.0543266
0.04665
0.0392431
0.0281402
0.0122799
0.000573709
0.0103475
0.0184118
0.0223998

0.0118238
0.0160678
0.0161119
0.011613
0.00372992
0.00601664
0.0134401
0.0188015
0.0172486
0.00700311
0.00515183
0.0181974
0.0307206
0.0515722
0.077379
0.095201
0.111151
0.139269
0.160411
0.185612
0.210289
0.232822
0.262832
0.302049
0.324524
0.360545
0.384435
0.414944
0.466284
0.504734
0.535768
0.569219
0.585169
0.597472
0.599128
0.612087
0.623127
0.632738
0.643196
0.654721
0.663774
0.667152
0.676069
0.684918
0.684234
0.683492
0.682218
0.677955
0.675552
0.666145
0.669266
0.666085
0.661334
0.66034
0.649487
0.655339
0.657855
0.658126
0.666358
0.664558
0.675778
0.681944
0.685724
0.685748
0.685818
0.679465
0.670271
0.660795
0.657444
0.658146
0.66139
0.657161
0.659632
0.670872
0.687139
0.690965
0.68592
0.682301
0.674427
0.668383
0.6645
0.662324
0.656895
0.664727
0.678855
0.68152
0.688274
0.698652
0.703135
0.705726
0.699441
0.694005
0.691545
0.67758
0.658733
0.646789
0.649672
0.649269
0.661891
0.664424
0.671678

0.0172313
0.0246491
0.0340075
0.0438207
0.05341
0.0671212
0.0778798
0.0894034
0.106564
0.124087
0.133075
0.144531
0.144024
0.139074
0.0823376
0.0470429
0.00749029
0.0678155
0.158764
0.252978
0.369752
0.451923
0.536123
0.607388
0.642414
0.66637
0.694129
0.727402
0.74273
0.750627
0.751997
0.755902
0.765878
0.767203
0.776126
0.782708
0.783892
0.787392
0.790622
0.787519
0.791107
0.792263
0.795015
0.790374
0.797102
0.803535
0.802883
0.804077
0.803929
0.80899
0.81215
0.810461
0.808905
0.815635
0.818168
0.820962
0.826533
0.828626
0.833835
0.83115
0.826216
0.827034
0.82743
0.829593
0.837055
0.83819
0.840048
0.841713
0.835937
0.836266
0.837439
0.836952
0.836052
0.836825
0.844341
0.843533
0.842415
0.840298
0.836139
0.83349
0.835454
0.837262
0.842636
0.848857
0.853113
0.85291
0.854448
0.852644
0.849025
0.848833
0.847956
0.848275
0.848519
0.852582
0.855845
0.860232
0.863429
0.864528
0.867517
0.867938
0.867124

0.047875
0.0596429
0.072064
0.0603403
0.0304031
0.0361335
0.139521
0.296346
0.485426
0.654644
0.787826
0.847172
0.892979
0.920091
0.934537
0.940886
0.944308
0.946654
0.948161
0.948894
0.94923
0.949405
0.949506
0.949567
0.949604
0.949628
0.949642
0.949652
0.949658
0.949661
0.949664
0.949665
0.949666
0.949667
0.949667
0.949667
0.949667
0.949668
0.949668
0.949668
0.949668
0.949668
0.949668
0.949668
0.949668
0.949668
0.949668
0.949668
0.949668
0.949668
0.949668
0.949668
0.949668
0.949668
0.949668
0.949668
0.949668
0.949668
0.949668
0.949668
0.949668
0.949668
0.949668
0.949668
0.949668
0.949668
0.949668
0.949668
0.949668
0.949668
0.949668
0.949668
0.949668
0.949668
0.949668
0.949668
0.949668
0.949668
0.949668
0.949668
0.949668
0.949668
0.949668
0.949668
0.949668
0.949668
0.949668
0.949668
0.949668
0.949668
0.949668
0.949668
0.949668
0.949668
0.949668
0.949668
0.949668
0.949668
0.949668
0.949668
0.949668

0.00862555
0.0087134
0.00793192
0.00858889
0.00726706
5.7458e-05
0.0194632
0.0753769
0.191737
0.385856
0.605092
0.790931
0.897209
0.936933
0.953102
0.960483
0.963797
0.96808
0.970765
0.97095
0.97081
0.970714
0.970663
0.970637
0.970624
0.970618
0.970615
0.970614
0.970613
0.970613
0.970613
0.970613
0.970613
0.970613
0.970613
0.970613
0.970613
0.970613
0.970613
0.970613
0.970613
0.970613
0.970613
0.970613
0.970613
0.970613
0.970613
0.970613
0.970613
0.970613
0.970613
0.970613
0.970613
0.970613
0.970613
0.970613
0.970613
0.970613
0.970613
0.970613
0.970613
0.970613
0.970613
0.970613
0.970613
0.970613
0.970613
0.970613
0.970613
0.970613
0.970613
0.970613
0.970613
0.970613
0.970613
0.970613
0.970613
0.970613
0.970613
0.970613
0.970613
0.970613
0.970613
0.970613
0.970613
0.970613
0.970613
0.970613
0.970613
0.970613
0.970613
0.970613
0.970613
0.970613
0.970613
0.970613
0.970613
0.970613
0.970613
0.970613
0.970613

