0.0353776
0.0352224
0.0336917
0.0328495
0.0331288
0.0348096
0.0374192
0.0405167
0.0430025
0.0453265
0.0409045
0.0380362
0.0347261
0.0344928
0.0353029
0.0377243
0.0404377
0.0422736
0.0421061
0.0391708
0.0333057
0.0250405
0.0153095
0.00541678
0.00342717
0.010138
0.0143799
0.0170823
0.0178043
0.0178526
0.0163318
0.0141014
0.0100464
0.00513254
0.0020561
0.0106072
0.0192526
0.0273865
0.0330863
0.0370845
0.0362161
0.0309338
0.0247041
0.0196769
0.015904
0.0152931
0.0197799
0.0257307
0.0325163
0.0375901
0.0381411
0.0333419
0.0233182
0.00971006
0.00526955
0.0183304
0.0271755
0.0314962
0.0302088
0.0260665
0.0191581
0.0139236
0.00940355
0.00833427
0.0108785
0.0155136
0.0185566
0.0199828
0.0188096
0.0151036
0.00960573
0.0042712
0.000440647
0.00412637
0.00423746
0.00232569
0.00134698
0.0016231
0.000706438
0.00556765
0.0114529
0.0185275
0.0234673
0.025552
0.0249032
0.0213222
0.0164129
0.0115174
0.00851198
0.00763528
0.00998698
0.0142948
0.0181161
0.0213638
0.0222051
0.0201904
0.0155665
0.00969603
0.00385299
0.000121511
0.00124479

0.0143535
0.0123967
0.0118296
0.012755
0.0151837
0.0183712
0.0215051
0.0244707
0.0267798
0.0287478
0.031375
0.0352108
0.0389696
0.0452065
0.0494643
0.0510194
0.0493555
0.0431387
0.0316657
0.015535
0.00271254
0.0207512
0.0362803
0.0492023
0.0500686
0.0442112
0.0300595
0.0172672
0.00304168
0.00942054
0.0153655
0.0159538
0.011547
0.00333454
0.00658398
0.01639
0.0260894
0.0287761
0.0279678
0.0252935
0.0187876
0.0139205
0.0108268
0.0111189
0.010834
0.0120111
0.0165644
0.0200773
0.0237956
0.0249204
0.0232086
0.0179688
0.0107922
0.00178562
0.00672072
0.0144962
0.0201631
0.0244293
0.0257307
0.0258217
0.0242501
0.0233703
0.0236744
0.0244938
0.0264682
0.0288073
0.0302965
0.0266833
0.0221437
0.0156961
0.00775659
0.00156352
0.00283304
0.00380451
0.000563683
0.00626231
0.0159335
0.0254912
0.0345626
0.0412459
0.0458491
0.0483556
0.0497751
0.0510099
0.0521793
0.0533051
0.0545019
0.0539523
0.0512725
0.0476066
0.0440123
0.0399929
0.0357265
0.0324031
0.0309209
0.0313418
0.034177
0.0371061
0.0386339
0.039107
0.0373593

0.0141062
0.0216753
0.0278769
0.034252
0.0394939
0.0433254
0.045074
0.0468266
0.0502147
0.0573692
0.0628875
0.0638658
0.0683399
0.0761787
0.0768577
0.0716491
0.0699432
0.0558599
0.0361989
0.024557
0.0100051
0.00268397
0.0261863
0.0465871
0.0891968
0.111412
0.128739
0.177199
0.215954
0.255598
0.287261
0.346948
0.361446
0.374938
0.404326
0.426018
0.433477
0.457748
0.446591
0.455124
0.450084
0.426208
0.430325
0.392827
0.400485
0.412093
0.442368
0.471251
0.483575
0.497053
0.498425
0.503189
0.51803
0.516381
0.49524
0.498641
0.477814
0.478916
0.484839
0.478264
0.468922
0.450145
0.445696
0.458999
0.45892
0.459326
0.449262
0.430059
0.427951
0.44496
0.442575
0.456742
0.497795
0.511128
0.517668
0.528538
0.533553
0.519499
0.472345
0.447513
0.44613
0.436012
0.431968
0.425325
0.425256
0.422217
0.436638
0.444505
0.45862
0.460585
0.454347
0.413998
0.432212
0.433423
0.433886
0.451037
0.450941
0.441209
0.451551
0.465793
0.47596

0.024582
0.0288276
0.039012
0.0576919
0.0848559
0.121282
0.164046
0.210813
0.259309
0.307899
0.356885
0.406274
0.459766
0.51926
0.582161
0.643185
0.6973
0.741711
0.777859
0.807847
0.829479
0.843992
0.853628
0.860329
0.865424
0.868281
0.868037
0.866678
0.865727
0.867077
0.868406
0.868268
0.867325
0.86686
0.866842
0.866202
0.865013
0.865979
0.871487
0.876912
0.877725
0.876389
0.874404
0.872297
0.871212
0.871864
0.871803
0.871729
0.871781
0.869854
0.867775
0.867692
0.867431
0.865921
0.865898
0.868585
0.870702
0.871304
0.871381
0.871891
0.874129
0.876007
0.876916
0.877097
0.876214
0.875625
0.875614
0.875606
0.874608
0.87246
0.869207
0.866028
0.864549
0.86356
0.862523
0.862876
0.864601
0.865894
0.866338
0.867621
0.868741
0.870089
0.872318
0.875163
0.875747
0.874204
0.872972
0.87268
0.872486
0.873292
0.873897
0.87386
0.873394
0.873725
0.874413
0.875733
0.876436
0.875368
0.873857
0.872586
0.872803

0.0514707
0.0728762
0.102069
0.141878
0.195654
0.26224
0.348876
0.446821
0.465709
0.400848
0.302793
0.077503
0.0144529
0.0613183
0.0704316
0.0647347
0.100762
0.118781
0.0774158
0.0477133
0.0118956
0.0595808
0.0952605
0.124895
0.177904
0.230345
0.293422
0.344002
0.398905
0.441704
0.462692
0.523849
0.572553
0.600703
0.650065
0.675697
0.712332
0.757618
0.804993
0.820422
0.85412
0.887289
0.897484
0.921289
0.93284
0.942175
0.946499
0.949668
0.945457
0.935015
0.915227
0.889424
0.859301
0.837901
0.795393
0.731755
0.700417
0.679927
0.641369
0.60076
0.55823
0.498772
0.457538
0.415147
0.393552
0.371708
0.34963
0.304824
0.241983
0.189694
0.1427
0.113139
0.0953465
0.0417915
0.0179362
0.047679
0.0893354
0.118989
0.166178
0.189622
0.236138
0.259179
0.276353
0.287748
0.321654
0.344007
0.366143
0.388048
0.420441
0.44698
0.457474
0.478243
0.488515
0.503779
0.52385
0.538687
0.553333
0.572554
0.582029
0.59607
0.618998

0.00713871
0.0160239
0.0279067
0.0430351
0.0581364
0.048388
0.0383668
0.222566
0.505769
0.715352
0.835444
0.908982
0.94739
0.962266
0.966618
0.968997
0.970038
0.970376
0.970507
0.970563
0.970589
0.970602
0.970607
0.97061
0.970611
0.970612
0.970612
0.970613
0.970613
0.970613
0.970613
0.970613
0.970613
0.970613
0.970613
0.970613
0.970613
0.970613
0.970613
0.970613
0.970613
0.970613
0.970613
0.970613
0.970613
0.970613
0.970613
0.970613
0.970613
0.970613
0.970613
0.970613
0.970613
0.970613
0.970613
0.970613
0.970613
0.970613
0.970613
0.970613
0.970613
0.970613
0.970613
0.970613
0.970613
0.970613
0.970613
0.970613
0.970613
0.970613
0.970613
0.970613
0.970613
0.970613
0.970613
0.970613
0.970613
0.970613
0.970613
0.970613
0.970613
0.970613
0.970613
0.970613
0.970613
0.970613
0.970613
0.970613
0.970613
0.970613
0.970613
0.970613
0.970613
0.970613
0.970613
0.970613
0.970613
0.970613
0.970613
0.970613
0.970613

