0.0213424
0.0157629
0.00815612
0.00102626
0.00411805
0.00616756
0.00475628
0.000437343
0.00589936
0.012449
0.0179639
0.0205294
0.0199739
0.0169475
0.0127449
0.00940115
0.0093968
0.0126864
0.018298
0.0255095
0.0341779
0.0426986
0.0476809
0.050446
0.0505659
0.0486973
0.0455741
0.0420882
0.0379093
0.0336326
0.030359
0.0318859
0.0324161
0.033005
0.0351711
0.037589
0.0399084
0.0421752
0.0434324
0.0437487
0.0414226
0.0368447
0.0298983
0.0217467
0.01303
0.00550855
0.000247276
0.00426288
0.00528305
0.00396827
0.00103677
0.00138468
0.00248674
0.00197786
0.000238234
0.00246493
0.00432355
0.00399087
0.00247538
0.00108083
0.00605862
0.0108927
0.0141631
0.0149668
0.0119523
0.00606027
0.0022913
0.0107918
0.0177626
0.0234129
0.0241224
0.0194652
0.0133869
0.00876184
0.0047328
0.00117319
0.00420033
0.00490409
0.00541719
0.00496037
0.00205777
0.000153588
0.00030581
0.00298689
0.00829187
0.0132129
0.0207726
0.0341045
0.0408999
0.0478908
0.0509456
0.0458446
0.0387325
0.0292824
0.0176356
0.0119154
0.00508146
0.00125652
0.000532879
0.000679701
0.00406238

0.00278783
0.00778427
0.0135278
0.0209669
0.0277312
0.0351568
0.0434697
0.0519493
0.0610085
0.0689244
0.0764057
0.0801736
0.0835547
0.0834215
0.081712
0.0779135
0.0737305
0.0705594
0.0701419
0.0713142
0.0741177
0.0802938
0.0847306
0.0893611
0.0928556
0.0943076
0.0932614
0.0920744
0.0912249
0.092111
0.0958535
0.101201
0.107283
0.115148
0.125153
0.136363
0.145744
0.150038
0.153789
0.153299
0.150035
0.148053
0.146968
0.147513
0.151599
0.160246
0.170431
0.180963
0.189617
0.194045
0.195878
0.194078
0.188015
0.179747
0.171918
0.165628
0.161647
0.160624
0.161938
0.159152
0.159425
0.159993
0.155981
0.149636
0.146738
0.142733
0.141569
0.143931
0.14634
0.149989
0.149365
0.14867
0.14176
0.132499
0.122441
0.118611
0.119573
0.124933
0.136353
0.149905
0.162763
0.175206
0.183535
0.186034
0.182321
0.17592
0.16799
0.161142
0.156994
0.155748
0.156215
0.159501
0.16161
0.163409
0.162979
0.160612
0.154877
0.149394
0.141463
0.134196
0.132386

0.00501106
0.00488338
0.00903285
0.0150354
0.0242642
0.0360619
0.0496997
0.0660184
0.0807223
0.0936956
0.102791
0.106956
0.109893
0.110767
0.11258
0.117724
0.128044
0.145959
0.171955
0.203251
0.236814
0.276114
0.314481
0.340391
0.365708
0.3902
0.410302
0.43412
0.465065
0.496852
0.524544
0.54254
0.565103
0.584747
0.601916
0.617761
0.628547
0.632789
0.633336
0.641683
0.652064
0.659472
0.665713
0.673293
0.678468
0.683574
0.687597
0.688851
0.692028
0.69546
0.701196
0.706913
0.709519
0.71049
0.70704
0.700267
0.693402
0.687382
0.686552
0.68483
0.685068
0.685853
0.693627
0.702573
0.712496
0.721378
0.725539
0.72496
0.71705
0.710852
0.701401
0.69406
0.688848
0.691417
0.698256
0.704288
0.707321
0.705018
0.70128
0.694995
0.690455
0.688181
0.683666
0.677814
0.675679
0.678456
0.686905
0.693981
0.700453
0.707745
0.714485
0.717988
0.719329
0.715858
0.711845
0.70907
0.705076
0.702681
0.704292
0.705807
0.70685

0.00387393
0.00570407
0.00713651
0.00867743
0.0087902
0.00834534
0.00729844
0.0112824
0.0166401
0.030882
0.053051
0.0876306
0.141558
0.195681
0.250393
0.311015
0.38624
0.467146
0.547612
0.611113
0.67709
0.734044
0.775806
0.799392
0.817965
0.830766
0.841591
0.846576
0.849582
0.856174
0.862866
0.869045
0.873633
0.877561
0.879939
0.879447
0.877234
0.874439
0.873289
0.87186
0.869287
0.868429
0.866331
0.865777
0.864974
0.865344
0.866272
0.865592
0.8663
0.869891
0.870585
0.868495
0.869399
0.871829
0.874021
0.874205
0.87265
0.871822
0.870203
0.867899
0.866118
0.865336
0.866362
0.868063
0.87128
0.874425
0.875571
0.875153
0.873226
0.871102
0.870602
0.868748
0.86497
0.860938
0.860509
0.862157
0.864605
0.866895
0.869425
0.870192
0.869278
0.870392
0.872775
0.874146
0.876815
0.880692
0.88279
0.882606
0.880804
0.878556
0.876097
0.875185
0.874668
0.872043
0.86861
0.866514
0.865988
0.86436
0.863224
0.863268
0.864515

0.0248497
0.0304662
0.037458
0.0484107
0.0650693
0.0921845
0.13112
0.179884
0.197348
0.203391
0.16668
0.0288094
0.213687
0.451105
0.607927
0.665058
0.731309
0.762885
0.762301
0.756449
0.757014
0.757295
0.746523
0.742907
0.742957
0.731708
0.720187
0.716295
0.712369
0.708414
0.700413
0.684077
0.679925
0.671541
0.671542
0.667309
0.663051
0.654455
0.650119
0.650119
0.641369
0.628054
0.614516
0.614516
0.596127
0.577361
0.577361
0.563046
0.54365
0.523911
0.518924
0.478306
0.467959
0.457538
0.4523
0.420506
0.409773
0.393552
0.393552
0.382661
0.34963
0.32733
0.299167
0.276422
0.259249
0.236208
0.230424
0.195537
0.160372
0.124979
0.113139
0.0834657
0.0537102
0.00600331
0.0238288
0.0536375
0.0952741
0.148525
0.218758
0.270639
0.321654
0.371641
0.425783
0.467896
0.513855
0.562988
0.59607
0.641315
0.671491
0.704384
0.754005
0.811261
0.832183
0.866739
0.889398
0.905003
0.929319
0.939763
0.945993
0.948748
0.949593

0.0063995
0.0155785
0.0294889
0.0461351
0.0679164
0.102479
0.153743
0.227634
0.345657
0.502149
0.666333
0.795379
0.875363
0.919976
0.945198
0.959327
0.964837
0.966601
0.968242
0.969703
0.970296
0.970491
0.970562
0.970591
0.970603
0.970608
0.970611
0.970612
0.970612
0.970612
0.970613
0.970613
0.970613
0.970613
0.970613
0.970613
0.970613
0.970613
0.970613
0.970613
0.970613
0.970613
0.970613
0.970613
0.970613
0.970613
0.970613
0.970613
0.970613
0.970613
0.970613
0.970613
0.970613
0.970613
0.970613
0.970613
0.970613
0.970613
0.970613
0.970613
0.970613
0.970613
0.970613
0.970613
0.970613
0.970613
0.970613
0.970613
0.970613
0.970613
0.970613
0.970613
0.970613
0.970613
0.970613
0.970613
0.970613
0.970613
0.970613
0.970613
0.970613
0.970613
0.970613
0.970613
0.970613
0.970613
0.970613
0.970613
0.970613
0.970613
0.970613
0.970613
0.970613
0.970613
0.970613
0.970613
0.970613
0.970613
0.970613
0.970613
0.970613

