0.0497899
0.0427693
0.0340594
0.0230641
0.0148847
0.00901685
0.00749722
0.00749489
0.00874984
0.00928631
0.00744659
0.00353818
0.00329275
0.0126698
0.0216457
0.0275132
0.0306168
0.0294643
0.0241904
0.0157289
0.00648444
0.00225336
0.00878029
0.0122403
0.0123011
0.00964543
0.00490724
0.000351325
0.00519315
0.0105927
0.0130347
0.0144743
0.016405
0.0172478
0.018448
0.0207073
0.0221168
0.0215238
0.022043
0.0201869
0.0177366
0.0161358
0.0174768
0.0213008
0.0234647
0.0261167
0.0279084
0.0272881
0.0237903
0.0185087
0.0138193
0.0088497
0.0053452
0.00389819
0.00406671
0.00630717
0.0102392
0.014284
0.018048
0.0207023
0.0222539
0.0224062
0.0215425
0.0195138
0.0172298
0.0152138
0.0128237
0.0108382
0.00861933
0.00619434
0.00366783
0.00116812
0.000765104
0.00193981
0.00323649
0.00370906
0.00388984
0.00271786
0.000664846
0.00239947
0.00408712
0.00515273
0.00745626
0.00958505
0.0122863
0.0144372
0.0171297
0.0183319
0.0178908
0.0151172
0.0086434
0.00508069
0.000628676
0.00332844
0.00596002
0.0085821
0.0110036
0.0130928
0.0149778
0.0149754
0.0136984

0.0139782
0.0179483
0.0216435
0.0242035
0.024437
0.0214404
0.0152061
0.00648685
0.00226223
0.0122103
0.0158946
0.0132588
0.0134417
0.00406314
0.00391223
0.0114254
0.0129315
0.0116731
0.00646159
0.00575409
0.019417
0.0337971
0.0474743
0.056088
0.0627201
0.064978
0.0651104
0.0641303
0.0640186
0.0672954
0.0692171
0.0737425
0.0786611
0.0804686
0.0846155
0.0861313
0.0878475
0.0836088
0.0783426
0.0748367
0.0716367
0.070226
0.0712197
0.0729543
0.0763181
0.0798581
0.0826003
0.088458
0.0915459
0.096366
0.0933864
0.0933582
0.0916126
0.0820324
0.0752043
0.0685991
0.0640974
0.0586043
0.0533291
0.0532351
0.0591767
0.0630515
0.0742673
0.0770634
0.0828654
0.0895981
0.0958039
0.0923699
0.0968116
0.103796
0.107341
0.113094
0.121996
0.122671
0.122008
0.120574
0.116883
0.10994
0.104391
0.100573
0.0990081
0.100133
0.103607
0.109039
0.115483
0.121839
0.127222
0.131998
0.135592
0.134625
0.132773
0.13184
0.127728
0.123486
0.121382
0.120525
0.121783
0.124731
0.129304
0.136397
0.143224

0.00648036
0.0102623
0.0139312
0.0219668
0.0280479
0.0315566
0.0359963
0.0374699
0.0356221
0.038271
0.0399409
0.0415923
0.0447672
0.0569908
0.0754059
0.10555
0.13162
0.157533
0.171706
0.201181
0.228618
0.255305
0.294032
0.321907
0.364653
0.406307
0.456467
0.500491
0.533774
0.557057
0.573405
0.592094
0.608415
0.617413
0.622871
0.618829
0.6227
0.625259
0.628391
0.631402
0.634653
0.626883
0.634809
0.634311
0.64482
0.664335
0.664326
0.662993
0.671689
0.676743
0.681828
0.684507
0.681167
0.677592
0.679851
0.677705
0.676498
0.667883
0.6559
0.647631
0.643382
0.662566
0.660245
0.654379
0.66392
0.666316
0.673319
0.671486
0.664884
0.661034
0.653954
0.644956
0.634057
0.639406
0.647518
0.646972
0.649407
0.661847
0.680183
0.70258
0.711555
0.716505
0.719811
0.721881
0.717888
0.707311
0.694001
0.677185
0.667117
0.652839
0.643113
0.638577
0.62973
0.628345
0.633993
0.648626
0.666347
0.672793
0.679692
0.674095
0.679705

0.0467089
0.0627135
0.0895218
0.120933
0.151693
0.190377
0.230465
0.265071
0.31069
0.331499
0.32199
0.289936
0.169644
0.0526784
0.00367614
0.0407015
0.134122
0.18643
0.237972
0.273467
0.283261
0.283345
0.276042
0.279126
0.259426
0.245216
0.238538
0.244125
0.224135
0.204848
0.206671
0.177667
0.12108
0.110333
0.0768362
0.0587054
0.0226851
0.0188861
0.0547963
0.102307
0.156629
0.201904
0.307679
0.346147
0.367351
0.412995
0.442145
0.505423
0.517255
0.548141
0.584044
0.621656
0.668945
0.688364
0.728268
0.761005
0.785973
0.803968
0.839779
0.854917
0.86458
0.866723
0.865398
0.861828
0.853278
0.841663
0.832902
0.821058
0.808348
0.798639
0.761624
0.754649
0.740712
0.716795
0.703481
0.682068
0.652146
0.597958
0.558521
0.523461
0.477892
0.423592
0.375071
0.307812
0.269997
0.257088
0.175065
0.13538
0.106218
0.0823948
0.0687333
0.00526388
0.0384117
0.0406903
0.038789
0.0668634
0.0990543
0.114762
0.136677
0.169967
0.204881

0.0192476
0.0252956
0.0345246
0.0463257
0.0611818
0.0804463
0.0947772
0.104685
0.0821371
0.0463259
0.257361
0.492649
0.676632
0.806554
0.865364
0.905307
0.921724
0.932697
0.937315
0.94065
0.943554
0.943647
0.945111
0.945241
0.945318
0.946415
0.946913
0.946933
0.946945
0.946953
0.947783
0.947786
0.947788
0.948464
0.948465
0.948747
0.948991
0.948991
0.948991
0.948991
0.949367
0.949498
0.949498
0.949498
0.949498
0.949498
0.949498
0.949498
0.949498
0.949498
0.949592
0.949649
0.949649
0.949668
0.949668
0.949668
0.949668
0.949668
0.949668
0.949668
0.949668
0.949668
0.949668
0.949668
0.949668
0.949668
0.949668
0.949668
0.949668
0.949668
0.949668
0.949668
0.949668
0.949668
0.949668
0.949668
0.949668
0.949668
0.949668
0.949668
0.949668
0.949668
0.949668
0.949668
0.949668
0.949668
0.949668
0.949668
0.949668
0.949668
0.949668
0.949668
0.949668
0.949668
0.949668
0.949668
0.949668
0.949668
0.949668
0.949668
0.949668

0.00316966
0.0150518
0.030816
0.0774302
0.168619
0.320577
0.522564
0.720153
0.829977
0.898175
0.936647
0.95643
0.96523
0.9688
0.970219
0.970508
0.970574
0.970596
0.970605
0.970609
0.970611
0.970612
0.970612
0.970612
0.970613
0.970613
0.970613
0.970613
0.970613
0.970613
0.970613
0.970613
0.970613
0.970613
0.970613
0.970613
0.970613
0.970613
0.970613
0.970613
0.970613
0.970613
0.970613
0.970613
0.970613
0.970613
0.970613
0.970613
0.970613
0.970613
0.970613
0.970613
0.970613
0.970613
0.970613
0.970613
0.970613
0.970613
0.970613
0.970613
0.970613
0.970613
0.970613
0.970613
0.970613
0.970613
0.970613
0.970613
0.970613
0.970613
0.970613
0.970613
0.970613
0.970613
0.970613
0.970613
0.970613
0.970613
0.970613
0.970613
0.970613
0.970613
0.970613
0.970613
0.970613
0.970613
0.970613
0.970613
0.970613
0.970613
0.970613
0.970613
0.970613
0.970613
0.970613
0.970613
0.970613
0.970613
0.970613
0.970613
0.970613

