0.00212017
0.000799288
0.00442139
0.00788882
0.00992911
0.0115989
0.0118946
0.0106078
0.00671731
0.00121138
0.00464996
0.0108626
0.0155274
0.018105
0.0174191
0.0154638
0.0123226
0.00961555
0.0080729
0.00870999
0.0116824
0.0160293
0.0215599
0.0265824
0.0303517
0.0321875
0.0328435
0.0326058
0.0328666
0.036212
0.0399002
0.0450247
0.0509282
0.055605
0.0579239
0.0565269
0.0518105
0.0445404
0.0379612
0.0320283
0.0311153
0.0329117
0.0308733
0.0339288
0.0385504
0.0386002
0.0371395
0.0312723
0.0228507
0.0128258
0.00463435
0.00214521
0.00523403
0.00637881
0.00685769
0.00657973
0.00720716
0.00840139
0.0107757
0.0132319
0.0137918
0.0119177
0.00843341
0.00314407
0.00274521
0.00747413
0.00866826
0.00579842
0.00128921
0.0109748
0.0205985
0.0282384
0.0331128
0.0319047
0.0325956
0.0271284
0.0229649
0.0159539
0.00954242
0.00392191
0.00129753
0.00337924
0.0105112
0.0192787
0.0302843
0.0416043
0.0508475
0.0555457
0.0583648
0.0554658
0.0496042
0.0414799
0.0318114
0.0224819
0.0140916
0.00781473
0.00354333
0.00142139
0.0008893
0.000892935
0.00165451

0.0114714
0.0218291
0.0318386
0.0389813
0.0425302
0.040532
0.0350273
0.0259192
0.0181981
0.0102135
0.00598561
5.51461e-05
5.45437e-05
0.00163369
0.00349676
0.00467423
0.00363378
0.00136786
0.00242922
0.00587165
0.0074268
0.00720404
0.0024242
0.00708645
0.0166814
0.0248764
0.0325069
0.0375756
0.0401416
0.0404778
0.0398287
0.0390364
0.0384558
0.0382147
0.0378699
0.0376061
0.0371646
0.0362683
0.037086
0.0371864
0.0347
0.0371985
0.0340783
0.0315852
0.0280126
0.0239817
0.0195982
0.0177583
0.0192256
0.0180325
0.017818
0.0212249
0.0240064
0.0247087
0.0252633
0.0204895
0.0139012
0.00846288
0.00572969
0.000977703
0.00464289
0.00908866
0.0106043
0.0122964
0.0142879
0.0124198
0.0233729
0.0315187
0.0403419
0.0457694
0.0536627
0.0565524
0.0578355
0.0588575
0.0611561
0.0635852
0.0762281
0.0873521
0.100543
0.113886
0.123876
0.133744
0.137594
0.135962
0.130357
0.120205
0.111471
0.103893
0.100544
0.100707
0.104007
0.109894
0.116795
0.122095
0.123136
0.120663
0.114454
0.106257
0.0988881
0.0917778
0.0903665

0.0187519
0.025316
0.0273441
0.0267089
0.0249467
0.0224466
0.0156339
0.00944979
0.00199539
0.00643464
0.0163376
0.0242025
0.0286675
0.0285993
0.0324546
0.0336498
0.0392575
0.0386898
0.0340635
0.0441391
0.0492564
0.047011
0.0477288
0.0308549
0.0165134
0.00178665
0.0165571
0.0357443
0.0610898
0.0833634
0.10448
0.125815
0.152038
0.192345
0.225104
0.244246
0.27661
0.319442
0.347963
0.381274
0.428941
0.461302
0.485893
0.505885
0.527885
0.555816
0.539785
0.553535
0.550795
0.548356
0.549175
0.538366
0.546633
0.546057
0.531187
0.543861
0.560582
0.567176
0.581318
0.589733
0.593785
0.598552
0.60528
0.600328
0.604309
0.586024
0.583493
0.588031
0.604102
0.615446
0.612897
0.622102
0.632227
0.633272
0.619791
0.606343
0.603864
0.594352
0.597561
0.5887
0.577512
0.575026
0.573842
0.583954
0.599322
0.593363
0.581371
0.577875
0.591699
0.587848
0.564697
0.567385
0.571165
0.5808
0.580514
0.584911
0.597303
0.602183
0.608193
0.607863
0.614345

0.0159484
0.0188125
0.0160075
0.0114156
0.00225595
0.00495932
0.00524006
0.012437
0.00615111
0.00963505
0.0301144
0.0640216
0.125545
0.209193
0.2886
0.385247
0.490554
0.570885
0.652664
0.714661
0.758534
0.800997
0.825507
0.837301
0.847095
0.852185
0.858041
0.860872
0.86225
0.862495
0.861115
0.861337
0.859697
0.859662
0.862276
0.863321
0.862072
0.85906
0.856749
0.85126
0.850145
0.856187
0.859555
0.862542
0.865495
0.861337
0.859605
0.855882
0.857918
0.859969
0.858739
0.858922
0.864289
0.871793
0.872323
0.86723
0.860304
0.85404
0.852366
0.846907
0.84196
0.842228
0.841333
0.843915
0.844452
0.841402
0.835365
0.833492
0.835079
0.83229
0.831409
0.836827
0.835928
0.834867
0.835756
0.834963
0.833568
0.830245
0.832754
0.833376
0.834158
0.833766
0.829861
0.826322
0.828836
0.831517
0.832275
0.832252
0.829304
0.82137
0.820473
0.817115
0.818426
0.819712
0.819495
0.815933
0.812715
0.812072
0.817824
0.817201
0.814058

0.0134437
0.0242842
0.0445588
0.0755004
0.109768
0.173382
0.265463
0.393341
0.543825
0.668636
0.762448
0.822386
0.863684
0.898228
0.921703
0.935991
0.942049
0.944848
0.946834
0.948148
0.948814
0.949158
0.949354
0.949473
0.949546
0.949591
0.94962
0.949637
0.949649
0.949656
0.94966
0.949663
0.949665
0.949666
0.949666
0.949667
0.949667
0.949667
0.949668
0.949668
0.949668
0.949668
0.949668
0.949668
0.949668
0.949668
0.949668
0.949668
0.949668
0.949668
0.949668
0.949668
0.949668
0.949668
0.949668
0.949668
0.949668
0.949668
0.949668
0.949668
0.949668
0.949668
0.949668
0.949668
0.949668
0.949668
0.949668
0.949668
0.949668
0.949668
0.949668
0.949668
0.949668
0.949668
0.949668
0.949668
0.949668
0.949668
0.949668
0.949668
0.949668
0.949668
0.949668
0.949668
0.949668
0.949668
0.949668
0.949668
0.949668
0.949668
0.949668
0.949668
0.949668
0.949668
0.949668
0.949668
0.949668
0.949668
0.949668
0.949668
0.949668

0.000448985
0.0136825
0.0420114
0.0974523
0.187519
0.34722
0.545286
0.717305
0.84059
0.911753
0.946723
0.960468
0.965985
0.968963
0.970021
0.970386
0.97052
0.970573
0.970595
0.970605
0.970609
0.970611
0.970612
0.970612
0.970613
0.970613
0.970613
0.970613
0.970613
0.970613
0.970613
0.970613
0.970613
0.970613
0.970613
0.970613
0.970613
0.970613
0.970613
0.970613
0.970613
0.970613
0.970613
0.970613
0.970613
0.970613
0.970613
0.970613
0.970613
0.970613
0.970613
0.970613
0.970613
0.970613
0.970613
0.970613
0.970613
0.970613
0.970613
0.970613
0.970613
0.970613
0.970613
0.970613
0.970613
0.970613
0.970613
0.970613
0.970613
0.970613
0.970613
0.970613
0.970613
0.970613
0.970613
0.970613
0.970613
0.970613
0.970613
0.970613
0.970613
0.970613
0.970613
0.970613
0.970613
0.970613
0.970613
0.970613
0.970613
0.970613
0.970613
0.970613
0.970613
0.970613
0.970613
0.970613
0.970613
0.970613
0.970613
0.970613
0.970613

