0.0121608
0.0240768
0.032674
0.0383483
0.0406156
0.0383406
0.0327624
0.0257601
0.017436
0.00970004
0.00447262
0.00284804
0.00460462
0.0092075
0.0143909
0.0183652
0.0209473
0.0223506
0.0223219
0.0202897
0.0159867
0.0128894
0.0123029
0.00780937
0.0043977
0.00286997
0.00356004
0.00631522
0.011085
0.0170586
0.0233155
0.0286077
0.0319595
0.0318944
0.0278811
0.0204935
0.0100527
0.000628049
0.00984171
0.0156256
0.0165948
0.0126893
0.00542489
0.00459279
0.0141263
0.0226905
0.0266846
0.0286648
0.0264702
0.0241475
0.0222767
0.0177118
0.0136613
0.0102179
0.00545223
0.00148358
0.00828977
0.0165266
0.0240139
0.0289207
0.0306594
0.0300874
0.0277675
0.0241544
0.020178
0.0159246
0.0118063
0.00687261
0.000587389
0.00690102
0.0158754
0.0244369
0.0332304
0.0390428
0.0405645
0.0376973
0.0317834
0.0232143
0.0145108
0.00869403
0.00616759
0.00923968
0.0164223
0.0250612
0.0330507
0.0377594
0.0383408
0.0333918
0.0259837
0.0192
0.0142306
0.0131365
0.0160794
0.0221403
0.0289123
0.0335757
0.0346561
0.0313479
0.0256194
0.0197164
0.0131331

0.0240046
0.0255845
0.0213385
0.0121525
0.000372332
0.00999096
0.0151958
0.0151063
0.00973174
0.00136107
0.0105539
0.0214917
0.0283021
0.0297259
0.0249511
0.0162293
0.00574774
0.00332922
0.00818227
0.0085804
0.00385562
0.00347249
0.0114278
0.0167357
0.0170441
0.0107944
0.00287707
0.00815481
0.0230078
0.0295413
0.0324238
0.0322431
0.0284226
0.0257274
0.0239303
0.0268367
0.033535
0.0387101
0.0477668
0.05707
0.0645692
0.0671968
0.0685791
0.0694276
0.0667871
0.0658326
0.0664715
0.0652001
0.0629651
0.0622869
0.0560033
0.0459252
0.0367377
0.0272401
0.0147969
0.00408579
0.00355067
0.0115167
0.017789
0.0222882
0.0279818
0.0344249
0.0417187
0.0493534
0.0582549
0.0657915
0.0699404
0.0741778
0.0728619
0.0686698
0.0644601
0.0588676
0.0542782
0.0481097
0.043592
0.0401852
0.0379269
0.0341704
0.0332823
0.0303827
0.0280493
0.0321367
0.0312397
0.035254
0.0384555
0.0485866
0.0553522
0.0610649
0.0661937
0.0647533
0.0632209
0.0563777
0.0484052
0.0371234
0.0308721
0.0232635
0.0141638
0.0118734
0.0137392
0.023287
0.0319311

0.0217582
0.0237977
0.0245302
0.027008
0.0244632
0.020624
0.0193736
0.0164106
0.0162689
0.0181936
0.0255133
0.0340054
0.0426044
0.0568468
0.0736679
0.092424
0.120174
0.139844
0.168937
0.200269
0.233695
0.257034
0.287772
0.322732
0.342479
0.371304
0.390285
0.415615
0.432616
0.468072
0.502787
0.533775
0.556054
0.583032
0.596427
0.601048
0.602769
0.603671
0.612563
0.627977
0.63119
0.645884
0.657833
0.662019
0.678128
0.688723
0.689512
0.684836
0.685113
0.689674
0.686357
0.690971
0.682975
0.679283
0.675432
0.670298
0.665932
0.669401
0.674459
0.673169
0.669919
0.660722
0.657519
0.655193
0.661882
0.674827
0.683893
0.690541
0.693567
0.694696
0.685349
0.675148
0.673013
0.673528
0.670759
0.659336
0.648738
0.644579
0.646316
0.653511
0.656982
0.659807
0.660327
0.663846
0.660505
0.671071
0.677219
0.678922
0.68521
0.685576
0.687407
0.696373
0.700053
0.701995
0.700188
0.695091
0.690857
0.688313
0.681391
0.682807
0.689517

0.000881687
0.000399289
0.00251389
0.0073039
0.0140053
0.0225568
0.032857
0.0434892
0.0545744
0.0667036
0.0804403
0.0954967
0.113363
0.134681
0.160536
0.190459
0.23139
0.264944
0.299963
0.331612
0.332945
0.346295
0.276574
0.217309
0.13474
0.0688049
0.0318936
0.088301
0.146401
0.205354
0.21639
0.214636
0.197251
0.1694
0.150563
0.11486
0.0262594
0.00906311
0.00892849
0.0364355
0.0411347
0.0577506
0.075018
0.12003
0.137302
0.202427
0.202318
0.229424
0.26341
0.318673
0.352091
0.409862
0.455059
0.478402
0.524221
0.584196
0.61898
0.63693
0.65775
0.673234
0.700347
0.74541
0.778056
0.79491
0.812745
0.829568
0.842272
0.851555
0.857211
0.864212
0.865173
0.860678
0.85292
0.837988
0.800763
0.770334
0.731001
0.7159
0.718456
0.704657
0.689247
0.674428
0.641429
0.586323
0.558646
0.483999
0.449071
0.425285
0.415551
0.369178
0.31506
0.258918
0.21243
0.144779
0.125636
0.0996362
0.0633058
0.00822047
0.0238417
0.0457737
0.0801806

0.0414798
0.0612189
0.0905756
0.133963
0.194926
0.268943
0.366949
0.474495
0.588671
0.69399
0.779035
0.84183
0.888679
0.919153
0.933076
0.939365
0.943074
0.945265
0.946803
0.948198
0.949028
0.949356
0.949494
0.949564
0.949604
0.949628
0.949643
0.949652
0.949658
0.949662
0.949664
0.949665
0.949666
0.949667
0.949667
0.949667
0.949667
0.949668
0.949668
0.949668
0.949668
0.949668
0.949668
0.949668
0.949668
0.949668
0.949668
0.949668
0.949668
0.949668
0.949668
0.949668
0.949668
0.949668
0.949668
0.949668
0.949668
0.949668
0.949668
0.949668
0.949668
0.949668
0.949668
0.949668
0.949668
0.949668
0.949668
0.949668
0.949668
0.949668
0.949668
0.949668
0.949668
0.949668
0.949668
0.949668
0.949668
0.949668
0.949668
0.949668
0.949668
0.949668
0.949668
0.949668
0.949668
0.949668
0.949668
0.949668
0.949668
0.949668
0.949668
0.949668
0.949668
0.949668
0.949668
0.949668
0.949668
0.949668
0.949668
0.949668
0.949668

0.00620073
0.00874254
0.00713679
3.68546e-05
0.0300283
0.0807168
0.175234
0.339046
0.543388
0.714781
0.838435
0.900855
0.938528
0.95932
0.965745
0.96753
0.968448
0.969646
0.970357
0.970538
0.970585
0.9706
0.970607
0.97061
0.970611
0.970612
0.970612
0.970613
0.970613
0.970613
0.970613
0.970613
0.970613
0.970613
0.970613
0.970613
0.970613
0.970613
0.970613
0.970613
0.970613
0.970613
0.970613
0.970613
0.970613
0.970613
0.970613
0.970613
0.970613
0.970613
0.970613
0.970613
0.970613
0.970613
0.970613
0.970613
0.970613
0.970613
0.970613
0.970613
0.970613
0.970613
0.970613
0.970613
0.970613
0.970613
0.970613
0.970613
0.970613
0.970613
0.970613
0.970613
0.970613
0.970613
0.970613
0.970613
0.970613
0.970613
0.970613
0.970613
0.970613
0.970613
0.970613
0.970613
0.970613
0.970613
0.970613
0.970613
0.970613
0.970613
0.970613
0.970613
0.970613
0.970613
0.970613
0.970613
0.970613
0.970613
0.970613
0.970613
0.970613

