0.0106959
0.0136882
0.0137368
0.0101645
0.00422377
0.00394426
0.0116862
0.0178615
0.0203257
0.0185336
0.0132061
0.00581045
0.00178289
0.0078548
0.0114759
0.0121745
0.0103519
0.00787945
0.00545145
0.00366734
0.00406577
0.00780772
0.0106289
0.0112378
0.0115001
0.00904641
0.00523366
0.000241658
0.00450335
0.00822563
0.00844083
0.00617158
0.00195231
0.000999105
0.00593337
0.0105732
0.0130591
0.0142495
0.0152376
0.0155924
0.0159042
0.0172809
0.0194918
0.0227785
0.0265542
0.0304734
0.0336686
0.0352942
0.0358177
0.0329825
0.0282918
0.0218166
0.0149965
0.00904431
0.0039281
0.00171977
0.00186476
0.00418421
0.00918736
0.0160674
0.0227462
0.0275118
0.0298382
0.0291618
0.0259134
0.0210013
0.0156955
0.0104047
0.00671567
0.00711057
0.0106118
0.0148269
0.0171579
0.0162823
0.0132403
0.00789094
0.00130854
0.00460379
0.00972878
0.0118867
0.0112229
0.00812255
0.00582357
0.00457362
0.00672561
0.0141913
0.0224792
0.0307557
0.0413178
0.049133
0.0508888
0.0456548
0.0348018
0.0199985
0.00463525
0.00914219
0.0194871
0.025018
0.0247243
0.0196041
0.0110131

0.0249875
0.0347515
0.0446932
0.0544394
0.0619004
0.069468
0.0693565
0.0678532
0.0661154
0.0630638
0.0593052
0.056679
0.0536564
0.0517926
0.0519253
0.0505386
0.0503521
0.0520221
0.050017
0.0514131
0.0513832
0.0478665
0.0426204
0.0358404
0.0294798
0.0227815
0.0163767
0.0193185
0.0190605
0.0268427
0.0403718
0.0532235
0.0610408
0.0741272
0.0807434
0.0837806
0.0877653
0.0854367
0.0821634
0.0807287
0.067943
0.0644946
0.0613011
0.0669849
0.0653207
0.0644713
0.0635393
0.0627467
0.0657654
0.0735214
0.0754227
0.0771536
0.0860183
0.100351
0.107549
0.112928
0.118737
0.11333
0.103611
0.0946619
0.086027
0.0809273
0.0792552
0.0773399
0.0802545
0.0887262
0.101806
0.114324
0.12416
0.129703
0.130356
0.1269
0.12073
0.110135
0.104669
0.100001
0.0970736
0.091054
0.0906188
0.0983226
0.101825
0.106209
0.110441
0.114001
0.116991
0.115484
0.119891
0.121336
0.124007
0.129463
0.130692
0.131758
0.133712
0.134279
0.134533
0.137314
0.140745
0.145771
0.155398
0.166344
0.178679

0.0196461
0.0197134
0.0191826
0.0228359
0.0289994
0.0399713
0.0531562
0.0686584
0.0829629
0.0945641
0.106842
0.117277
0.129086
0.138237
0.146917
0.161215
0.173729
0.178135
0.174223
0.160314
0.152859
0.15039
0.131798
0.11938
0.0851683
0.0532476
0.0460978
0.00292676
0.0101664
0.0139355
0.039243
0.0482179
0.0421466
0.0855867
0.0631524
0.0701527
0.12881
0.146518
0.175356
0.205451
0.232016
0.218547
0.178078
0.197083
0.193217
0.217443
0.221736
0.234212
0.257981
0.265842
0.27654
0.304472
0.323408
0.305186
0.322223
0.319113
0.318721
0.257159
0.22528
0.211981
0.210148
0.220556
0.234148
0.248854
0.25922
0.273122
0.263068
0.280679
0.275401
0.26422
0.258352
0.270212
0.261077
0.246515
0.2545
0.244086
0.237058
0.213386
0.203634
0.206659
0.222322
0.222089
0.221001
0.245959
0.251328
0.263899
0.284589
0.279952
0.25445
0.238402
0.235396
0.273256
0.281322
0.285198
0.29058
0.277801
0.270372
0.278059
0.282198
0.304831
0.328473

0.00493694
0.00323729
0.00225935
0.0119777
0.0250376
0.0414097
0.0596205
0.0787848
0.0973364
0.115255
0.135021
0.150178
0.166178
0.175986
0.170327
0.137161
0.067092
0.00512054
0.114992
0.249633
0.366656
0.433731
0.501701
0.570297
0.59959
0.604479
0.617746
0.626909
0.64517
0.654552
0.649706
0.647649
0.641158
0.613375
0.61886
0.622381
0.623647
0.613376
0.610928
0.603949
0.580117
0.580826
0.570009
0.568497
0.549652
0.538201
0.534135
0.512515
0.496485
0.499345
0.501869
0.486293
0.48057
0.473979
0.477179
0.46437
0.446325
0.432781
0.423166
0.407311
0.399392
0.370725
0.347073
0.318905
0.307306
0.300952
0.248183
0.242938
0.236194
0.218069
0.194425
0.176062
0.160263
0.158321
0.14529
0.13354
0.0757872
0.0438522
0.0290524
0.012058
0.0202955
0.0835113
0.141018
0.187084
0.236218
0.267612
0.298103
0.32394
0.350956
0.413038
0.445889
0.50809
0.533914
0.561207
0.595331
0.626685
0.656135
0.694738
0.749456
0.778608
0.798941

0.0244937
0.0384144
0.055102
0.0768455
0.10867
0.153487
0.215408
0.296569
0.396383
0.508145
0.624297
0.724511
0.806587
0.868382
0.907373
0.927623
0.937329
0.941646
0.9441
0.946302
0.947678
0.948733
0.949307
0.949512
0.949588
0.949623
0.949641
0.949651
0.949658
0.949662
0.949664
0.949665
0.949666
0.949667
0.949667
0.949667
0.949668
0.949668
0.949668
0.949668
0.949668
0.949668
0.949668
0.949668
0.949668
0.949668
0.949668
0.949668
0.949668
0.949668
0.949668
0.949668
0.949668
0.949668
0.949668
0.949668
0.949668
0.949668
0.949668
0.949668
0.949668
0.949668
0.949668
0.949668
0.949668
0.949668
0.949668
0.949668
0.949668
0.949668
0.949668
0.949668
0.949668
0.949668
0.949668
0.949668
0.949668
0.949668
0.949668
0.949668
0.949668
0.949668
0.949668
0.949668
0.949668
0.949668
0.949668
0.949668
0.949668
0.949668
0.949668
0.949668
0.949668
0.949668
0.949668
0.949668
0.949668
0.949668
0.949668
0.949668
0.949668

0.0352416
0.0372369
0.0416482
0.0475617
0.0572558
0.065423
0.0415083
0.0396183
0.196289
0.484967
0.735045
0.865372
0.937002
0.961384
0.967017
0.969115
0.970018
0.970304
0.970431
0.970259
0.970285
0.970297
0.97013
0.969387
0.969063
0.967858
0.96738
0.966864
0.966864
0.966309
0.966309
0.966309
0.965085
0.964417
0.96371
0.96371
0.960501
0.959604
0.95867
0.957697
0.956686
0.954552
0.953428
0.951068
0.949832
0.944512
0.941628
0.938595
0.938595
0.937023
0.933768
0.932085
0.928609
0.924987
0.917304
0.917304
0.913245
0.911162
0.909042
0.906887
0.902469
0.900206
0.895574
0.895574
0.893205
0.890801
0.885888
0.885888
0.883378
0.883378
0.883378
0.872993
0.867593
0.864842
0.850575
0.841611
0.826009
0.819538
0.812939
0.809591
0.802799
0.792374
0.785267
0.785267
0.781667
0.770683
0.75177
0.75177
0.740064
0.728096
0.719973
0.711736
0.703387
0.686357
0.677679
0.6733
0.655518
0.637323
0.628073
0.604519
0.575469

