0.0147379
0.0257049
0.0341935
0.0383167
0.0369744
0.0289926
0.0184625
0.00613807
0.00522013
0.0133851
0.0180307
0.0191925
0.016727
0.0116001
0.00484407
0.00242261
0.009416
0.0158843
0.0214758
0.0259949
0.0286941
0.0305895
0.0318773
0.0317421
0.0311848
0.0279661
0.0247295
0.0205953
0.0157682
0.011324
0.00665962
0.00158014
0.00361996
0.00903412
0.0139889
0.0197277
0.0237337
0.0273807
0.030679
0.0317
0.0314995
0.030687
0.0293619
0.0277777
0.0263962
0.0257222
0.024026
0.024362
0.0245368
0.0261822
0.0268027
0.0267579
0.0244223
0.0219364
0.01897
0.0150626
0.0143683
0.0145375
0.0180641
0.0210547
0.0223515
0.024528
0.0239118
0.0202995
0.013511
0.0050071
0.00565669
0.0159644
0.0234006
0.0287365
0.0306729
0.0312507
0.0277556
0.0233071
0.0178434
0.0133932
0.0098462
0.00813835
0.00785171
0.00545976
0.00563893
0.00433436
0.00362508
0.00345002
0.00467382
0.00693732
0.0103463
0.0134114
0.0137874
0.0109675
0.00686418
0.00220821
0.00548553
0.0119917
0.0162752
0.0179318
0.020346
0.0189156
0.0165037
0.011604
0.00685005

0.0014984
0.00815436
0.0153273
0.0228185
0.0295046
0.0353474
0.0389149
0.0384512
0.0362232
0.0327076
0.0293534
0.0275222
0.0277225
0.0300852
0.0339308
0.0392657
0.0423716
0.0443705
0.0444883
0.0415501
0.0388094
0.034634
0.0355328
0.0367591
0.0420153
0.0490556
0.0564383
0.0614705
0.0636453
0.057675
0.0480523
0.0336248
0.0172029
0.0011934
0.0123138
0.0210441
0.0240634
0.0214744
0.0141146
0.00292836
0.00867972
0.0201374
0.0261685
0.0354894
0.0406304
0.0502419
0.0554202
0.0603117
0.0635706
0.064862
0.0666715
0.0685789
0.071852
0.0771203
0.0843898
0.0929
0.101675
0.109313
0.116607
0.121892
0.122079
0.121511
0.120942
0.118816
0.116819
0.114261
0.113502
0.11538
0.118017
0.118595
0.118488
0.118925
0.117173
0.114685
0.111031
0.103247
0.0949531
0.083767
0.0704783
0.0568968
0.0463152
0.0372616
0.0293255
0.0238325
0.0243653
0.0261347
0.0313421
0.0393766
0.0447337
0.0481444
0.0527337
0.0555937
0.0582014
0.0606699
0.063053
0.0657426
0.0684177
0.0707248
0.0708952
0.068605
0.0629384

0.00622816
0.0114666
0.02051
0.0347571
0.0499896
0.0680142
0.0862387
0.101974
0.114907
0.123709
0.129188
0.131708
0.133907
0.13887
0.146089
0.156452
0.170669
0.18812
0.208516
0.231295
0.256268
0.283011
0.311995
0.339721
0.362459
0.381092
0.398782
0.418117
0.437174
0.458289
0.478211
0.500216
0.524663
0.547136
0.5651
0.578077
0.585924
0.591954
0.600262
0.609925
0.61845
0.625928
0.633432
0.642439
0.649314
0.654563
0.658535
0.662404
0.666031
0.668146
0.668065
0.669136
0.673175
0.682675
0.692454
0.700329
0.706693
0.711012
0.712381
0.709666
0.704808
0.699002
0.693169
0.689175
0.686665
0.688491
0.695722
0.705254
0.712659
0.715107
0.71348
0.710094
0.707808
0.706305
0.703105
0.699742
0.696946
0.694981
0.692644
0.691143
0.693518
0.697557
0.702497
0.705553
0.707175
0.707754
0.707457
0.709147
0.712799
0.715167
0.716135
0.717371
0.718007
0.71894
0.71815
0.715612
0.71103
0.705563
0.70303
0.703869
0.706679

0.0122953
0.0168525
0.0208092
0.0237166
0.0254988
0.0287891
0.0343168
0.0477913
0.0712291
0.0960799
0.122259
0.162849
0.228945
0.30236
0.362084
0.426181
0.504494
0.57778
0.646993
0.708253
0.758998
0.794802
0.819851
0.841776
0.858351
0.868124
0.871885
0.874796
0.875429
0.87296
0.871393
0.871385
0.872047
0.871198
0.870751
0.870193
0.869223
0.868274
0.867817
0.869019
0.868188
0.86741
0.866786
0.866537
0.865819
0.866226
0.870287
0.873664
0.876358
0.877368
0.876281
0.873903
0.871003
0.870241
0.871872
0.873444
0.872762
0.870225
0.868568
0.866665
0.86698
0.869281
0.871394
0.872229
0.872011
0.870395
0.866946
0.86414
0.863192
0.863099
0.863914
0.865288
0.866589
0.869005
0.870009
0.871403
0.873277
0.874092
0.874204
0.873639
0.872559
0.871106
0.86916
0.869157
0.872186
0.874737
0.874742
0.873192
0.870908
0.868909
0.870232
0.874009
0.875843
0.87684
0.876902
0.875682
0.874801
0.873943
0.873318
0.872989
0.872152

0.0317131
0.049503
0.0714335
0.0902625
0.0982797
0.12393
0.123081
0.0781184
0.0561516
0.270238
0.493655
0.662171
0.755154
0.815642
0.856622
0.890552
0.901083
0.912075
0.918782
0.922311
0.9266
0.927981
0.928029
0.9293
0.929312
0.930527
0.93053
0.932841
0.933941
0.935004
0.935004
0.935003
0.935003
0.935003
0.935003
0.935003
0.937018
0.937018
0.938885
0.938885
0.939763
0.939763
0.939763
0.940604
0.940604
0.941408
0.942904
0.942904
0.943597
0.944252
0.944252
0.944869
0.944869
0.944869
0.94545
0.945993
0.946499
0.946967
0.946967
0.946967
0.946967
0.946967
0.947398
0.947792
0.947792
0.947792
0.947792
0.947792
0.948148
0.948466
0.948466
0.948992
0.949198
0.949498
0.949592
0.949649
0.949649
0.949649
0.949668
0.949668
0.949668
0.949668
0.949668
0.949668
0.949668
0.949668
0.949668
0.949668
0.949668
0.949668
0.949668
0.949668
0.949668
0.949668
0.949668
0.949668
0.949668
0.949668
0.949668
0.949668
0.949668

0.0155979
0.0298882
0.0539084
0.0916585
0.150735
0.243024
0.367908
0.515925
0.600177
0.532127
0.258263
0.00961233
0.210619
0.318049
0.389731
0.448707
0.477555
0.530194
0.575388
0.594863
0.599671
0.613949
0.61866
0.623346
0.641846
0.646408
0.655455
0.664399
0.668831
0.694867
0.707517
0.719915
0.728039
0.736048
0.740009
0.74394
0.751715
0.766908
0.770631
0.777985
0.795831
0.799307
0.816208
0.82915
0.82915
0.832304
0.832304
0.841568
0.856343
0.864803
0.872955
0.878218
0.883343
0.888327
0.893172
0.895541
0.895541
0.900174
0.902437
0.906856
0.909012
0.911132
0.915264
0.923094
0.924961
0.928584
0.930341
0.930341
0.930341
0.933745
0.937
0.941607
0.943068
0.944492
0.945878
0.947228
0.949814
0.952251
0.953412
0.954537
0.954537
0.957683
0.957683
0.957683
0.959591
0.959591
0.959591
0.959591
0.959591
0.961348
0.963699
0.965076
0.965076
0.965076
0.965076
0.965076
0.965076
0.965708
0.965708
0.965708
0.966301

