0.0141841
0.00136665
0.0150038
0.0243726
0.0279436
0.0264044
0.0192041
0.0115448
0.00306095
0.00258921
0.00584353
0.00454968
0.00165712
0.00180023
0.00421714
0.00262867
0.00193082
0.00729475
0.013717
0.0182721
0.0195896
0.01782
0.0131937
0.00705802
0.000730643
0.00441941
0.00735688
0.00751016
0.00587885
0.00206165
0.000649142
0.00338387
0.00604165
0.00771228
0.00998921
0.0119359
0.0162911
0.0201788
0.0185521
0.0150891
0.0130848
0.00959463
0.00426935
0.000627089
0.0056584
0.0104908
0.0151697
0.0191619
0.022321
0.0268367
0.0298559
0.0335562
0.0348801
0.0345464
0.0290577
0.0222191
0.0147665
0.00365249
0.000204325
0.00583826
0.00598814
0.00221155
0.00311408
0.00768584
0.0081203
0.00507858
0.00232865
0.0132413
0.0252954
0.0362518
0.0438041
0.0473022
0.0452179
0.0391524
0.0306477
0.0221003
0.0148134
0.00983915
0.00716881
0.00623738
0.00710842
0.00631415
0.00468112
0.0020001
0.000809792
0.00309892
0.00462797
0.0049902
0.00417826
0.00289774
0.000812264
0.00109953
0.0028
0.00429043
0.00580123
0.00770131
0.00996145
0.0121547
0.0137523
0.0144382
0.0137896

0.0258846
0.0315486
0.0363337
0.0407313
0.0425116
0.0454727
0.0472836
0.0502
0.0521
0.0522889
0.0489326
0.042438
0.0305684
0.0156361
0.00139862
0.0149036
0.0211221
0.0221636
0.0189234
0.0110224
0.00701248
0.00982109
0.0139176
0.0201389
0.023841
0.0350212
0.0521257
0.0624538
0.0671599
0.0595475
0.0597809
0.0466781
0.04068
0.0336202
0.0304851
0.0403402
0.0504939
0.0589373
0.0581429
0.0632849
0.0603263
0.0404662
0.0260044
0.0217421
0.0124091
0.00882379
0.0172249
0.0355159
0.0559048
0.0671465
0.0737504
0.0923263
0.104369
0.112714
0.115333
0.117891
0.113466
0.107233
0.101795
0.0934681
0.0800821
0.0672291
0.0610975
0.0558324
0.0563841
0.0662267
0.0840964
0.0957762
0.114533
0.126305
0.127867
0.124185
0.119356
0.111833
0.10501
0.099686
0.09678
0.0931702
0.0951242
0.0960853
0.0992892
0.0952376
0.0952408
0.0889941
0.0836295
0.085078
0.0786719
0.0773666
0.0820928
0.08462
0.0865911
0.0825931
0.0823766
0.0882315
0.094983
0.0890385
0.0896745
0.0945663
0.0823676
0.079659
0.075061

0.00563301
0.00409601
0.00286835
5.52128e-05
0.0033921
0.00745748
0.0122237
0.0178203
0.0244665
0.0328807
0.0435203
0.0561617
0.0711201
0.0874917
0.104341
0.121152
0.136758
0.150598
0.162551
0.173884
0.186046
0.198872
0.215696
0.236947
0.264217
0.295959
0.330088
0.365074
0.396793
0.424883
0.453719
0.482422
0.510228
0.534876
0.55722
0.578109
0.597615
0.614596
0.630391
0.644667
0.654485
0.661034
0.66879
0.67856
0.686799
0.692502
0.697856
0.7016
0.701124
0.697918
0.694589
0.69301
0.693276
0.695183
0.699516
0.704333
0.708148
0.710774
0.711972
0.710356
0.704652
0.695868
0.686162
0.67824
0.674102
0.673942
0.675745
0.678374
0.685412
0.698051
0.710748
0.717073
0.71713
0.715369
0.716596
0.71913
0.719658
0.717854
0.713057
0.705718
0.700516
0.700874
0.704993
0.709518
0.713006
0.715441
0.716491
0.717139
0.718035
0.718332
0.716847
0.714975
0.714939
0.714179
0.709512
0.701623
0.694129
0.689993
0.689658
0.691815
0.695639

0.0177864
0.0182396
0.0167675
0.0126698
0.00631706
0.00190567
0.0123503
0.0238149
0.0376209
0.0510568
0.0655306
0.0827832
0.100956
0.122627
0.14731
0.175521
0.20937
0.245891
0.290466
0.355217
0.413001
0.476594
0.542692
0.606298
0.667314
0.718284
0.757489
0.786192
0.809231
0.824842
0.835129
0.842599
0.847996
0.853613
0.858829
0.862719
0.865632
0.868079
0.868416
0.86745
0.865887
0.86437
0.863344
0.864913
0.867826
0.868612
0.869449
0.870098
0.869113
0.868467
0.867297
0.865273
0.86563
0.868211
0.86939
0.867453
0.864628
0.865835
0.869464
0.870303
0.868787
0.867935
0.868972
0.870849
0.874444
0.877224
0.877674
0.876874
0.875741
0.874993
0.874786
0.875423
0.874373
0.871595
0.869489
0.868015
0.866559
0.865122
0.865089
0.864908
0.865884
0.868281
0.870448
0.872064
0.873649
0.873459
0.87176
0.869989
0.869992
0.872795
0.875058
0.87566
0.876202
0.875932
0.874743
0.873035
0.871444
0.870921
0.870808
0.870761
0.870139

0.0164775
0.0233565
0.0304232
0.0400567
0.0514161
0.0688661
0.0941287
0.132696
0.187261
0.261513
0.355864
0.465666
0.578837
0.685571
0.774312
0.844971
0.890717
0.91557
0.9294
0.937491
0.943044
0.946119
0.947284
0.947792
0.948064
0.94823
0.948346
0.948443
0.948539
0.948648
0.948775
0.948919
0.94907
0.949212
0.949335
0.949431
0.949504
0.949555
0.949592
0.949616
0.949633
0.949645
0.949652
0.949658
0.949661
0.949663
0.949665
0.949666
0.949666
0.949667
0.949667
0.949667
0.949668
0.949668
0.949668
0.949668
0.949668
0.949668
0.949668
0.949668
0.949668
0.949668
0.949668
0.949668
0.949668
0.949668
0.949668
0.949668
0.949668
0.949668
0.949668
0.949668
0.949668
0.949668
0.949668
0.949668
0.949668
0.949668
0.949668
0.949668
0.949668
0.949668
0.949668
0.949668
0.949668
0.949668
0.949668
0.949668
0.949668
0.949668
0.949668
0.949668
0.949668
0.949668
0.949668
0.949668
0.949668
0.949668
0.949668
0.949668
0.949668

0.00771443
0.0106062
0.0190074
0.0334851
0.0562796
0.0903205
0.138276
0.21512
0.332512
0.48153
0.657659
0.798367
0.891189
0.938995
0.958764
0.965418
0.967551
0.96847
0.969228
0.969939
0.97034
0.970503
0.970567
0.970593
0.970604
0.970609
0.970611
0.970612
0.970612
0.970613
0.970613
0.970613
0.970613
0.970613
0.970613
0.970613
0.970613
0.970613
0.970613
0.970613
0.970613
0.970613
0.970613
0.970613
0.970613
0.970613
0.970613
0.970613
0.970613
0.970613
0.970613
0.970613
0.970613
0.970613
0.970613
0.970613
0.970613
0.970613
0.970613
0.970613
0.970613
0.970613
0.970613
0.970613
0.970613
0.970613
0.970613
0.970613
0.970613
0.970613
0.970613
0.970613
0.970613
0.970613
0.970613
0.970613
0.970613
0.970613
0.970613
0.970613
0.970613
0.970613
0.970613
0.970613
0.970613
0.970613
0.970613
0.970613
0.970613
0.970613
0.970613
0.970613
0.970613
0.970613
0.970613
0.970613
0.970613
0.970613
0.970613
0.970613
0.970613

