0.0183296
0.017053
0.0189288
0.0236124
0.0290032
0.0343087
0.0373045
0.0359714
0.0311704
0.0213856
0.0111444
0.000880251
0.00744431
0.0139832
0.0168316
0.0180072
0.0170976
0.01373
0.0094441
0.00522555
0.00326323
0.0038722
0.00576591
0.00944672
0.0154716
0.0210283
0.0270929
0.0300038
0.028535
0.0227236
0.0133002
0.00142404
0.0110804
0.0217973
0.0296758
0.0340293
0.0350433
0.0340569
0.0325802
0.032808
0.0350411
0.0401508
0.0446573
0.0493371
0.048688
0.0439912
0.0363629
0.0258227
0.013504
0.00205491
0.00813491
0.0141504
0.0153
0.01243
0.00689624
0.00103525
0.00337915
0.00544287
0.00428584
0.000639502
0.00439402
0.0087498
0.0110153
0.0116108
0.0099558
0.00685111
0.00333205
0.000177553
0.00207588
0.00257352
0.00215761
0.000961408
0.000708113
0.00156154
0.00404441
0.00726409
0.0101981
0.012104
0.0125883
0.00946358
0.00503741
0.000439307
0.00682707
0.0118824
0.01517
0.0163416
0.0147216
0.0106831
0.00493415
0.00285374
0.00932873
0.0136806
0.0152189
0.0148969
0.0113822
0.00324408
0.00473072
0.0117323
0.0156642
0.0148296
0.00753559

0.00505759
0.0116746
0.0164886
0.0213475
0.0232445
0.0220246
0.0180422
0.0124191
0.00598421
0.00134708
0.000216411
0.00263393
0.0085905
0.0178954
0.0279293
0.0374958
0.0453683
0.0496587
0.0494303
0.0457891
0.0395037
0.03147
0.024794
0.0193093
0.0138495
0.0117583
0.00974819
0.00810795
0.0115124
0.0179508
0.0254376
0.0359684
0.0442155
0.0531684
0.0574264
0.0561181
0.0526991
0.0454416
0.0360854
0.024655
0.0144161
0.00721742
0.00319327
0.00358695
0.00820552
0.0162201
0.0266032
0.0380734
0.0494079
0.05908
0.0665341
0.0710569
0.0721433
0.0695737
0.0653884
0.0589304
0.0525378
0.0459113
0.0410745
0.0393748
0.041676
0.04556
0.0540156
0.0601908
0.0666118
0.0705883
0.0715502
0.0683881
0.064914
0.0620891
0.0581543
0.0535151
0.0516569
0.0520076
0.0506821
0.0464887
0.0415171
0.0336473
0.0249365
0.0169348
0.0100587
0.0074099
0.0108087
0.0157101
0.028441
0.038077
0.0444867
0.0491229
0.0481508
0.0469939
0.0429545
0.0418919
0.045406
0.055138
0.0682413
0.0766456
0.0877814
0.0965439
0.101491
0.103192
0.100041

0.00303062
0.00429618
0.00481677
0.00488895
0.00646467
0.00831996
0.0148519
0.0234823
0.033505
0.0448698
0.0570977
0.0703906
0.0814637
0.0916226
0.097542
0.10374
0.109857
0.117078
0.125004
0.137923
0.150046
0.164045
0.177618
0.197257
0.221955
0.253359
0.279329
0.304621
0.328242
0.352171
0.353311
0.371041
0.363853
0.347918
0.311879
0.295291
0.2852
0.296963
0.276512
0.242587
0.229341
0.229056
0.228014
0.230804
0.233983
0.224205
0.197335
0.212391
0.217034
0.219203
0.203371
0.212552
0.195543
0.200924
0.163881
0.142999
0.125642
0.0929223
0.0819619
0.105804
0.0916776
0.116589
0.132654
0.140522
0.152255
0.186872
0.157147
0.146728
0.144632
0.134515
0.11932
0.129655
0.113902
0.0924078
0.104641
0.11949
0.10353
0.0866099
0.0829373
0.0926923
0.0990731
0.0966889
0.0668883
0.0597578
0.0631326
0.0634661
0.0904198
0.109483
0.0948148
0.121242
0.10721
0.118881
0.125126
0.137222
0.118775
0.14064
0.136995
0.149374
0.146152
0.139766
0.148239

0.023298
0.0367732
0.0544581
0.0755397
0.0982186
0.122734
0.150697
0.184132
0.223543
0.265936
0.31282
0.37047
0.438228
0.50672
0.564829
0.606321
0.596507
0.601414
0.617688
0.599026
0.578595
0.574363
0.560468
0.591626
0.614099
0.630178
0.666005
0.707142
0.755075
0.819202
0.848259
0.863913
0.868483
0.875121
0.874058
0.868857
0.857936
0.840908
0.824227
0.809084
0.791486
0.771568
0.731578
0.716384
0.668856
0.627914
0.568099
0.492715
0.430989
0.410028
0.39487
0.354336
0.306768
0.258146
0.230591
0.176471
0.153157
0.130126
0.102013
0.0844572
0.0518727
0.0195913
0.00729549
0.0346627
0.0474173
0.0933086
0.132084
0.142822
0.160965
0.194255
0.202868
0.195573
0.206668
0.247079
0.277245
0.30129
0.328326
0.346271
0.400063
0.416451
0.417435
0.447723
0.470058
0.500185
0.509823
0.50048
0.508927
0.523802
0.545334
0.556108
0.58024
0.56253
0.566574
0.56731
0.576099
0.572227
0.577988
0.592069
0.608184
0.612894
0.629865

0.0118147
0.0157895
0.0167884
0.013918
0.00737021
0.00249613
0.0127647
0.0156083
0.00600819
0.0451824
0.135655
0.309952
0.484695
0.651813
0.774945
0.849745
0.891801
0.917311
0.931185
0.938484
0.942065
0.944284
0.946242
0.947931
0.948659
0.949041
0.949269
0.949415
0.949509
0.949568
0.949605
0.949629
0.949643
0.949652
0.949658
0.949662
0.949664
0.949665
0.949666
0.949667
0.949667
0.949667
0.949668
0.949668
0.949668
0.949668
0.949668
0.949668
0.949668
0.949668
0.949668
0.949668
0.949668
0.949668
0.949668
0.949668
0.949668
0.949668
0.949668
0.949668
0.949668
0.949668
0.949668
0.949668
0.949668
0.949668
0.949668
0.949668
0.949668
0.949668
0.949649
0.949649
0.949593
0.949593
0.949593
0.9495
0.9495
0.9495
0.9495
0.949369
0.949369
0.949369
0.949369
0.949369
0.949369
0.949369
0.949369
0.9492
0.9492
0.9492
0.948994
0.948751
0.94847
0.94847
0.948152
0.947403
0.947403
0.947403
0.947403
0.947403
0.947403

0.00662008
0.00678992
0.00502784
0.00126514
0.00512908
0.0140349
0.0273029
0.0375629
0.0566229
0.0677813
0.0475485
0.047968
0.259359
0.510398
0.742913
0.873823
0.930515
0.952971
0.963343
0.96709
0.968228
0.968959
0.970417
0.970787
0.970731
0.970675
0.970644
0.970628
0.97062
0.970616
0.970614
0.970613
0.970613
0.970613
0.970613
0.970613
0.970613
0.970613
0.970613
0.970613
0.970613
0.970613
0.970613
0.970613
0.970613
0.970613
0.970613
0.970613
0.970613
0.970613
0.970613
0.970613
0.970594
0.970537
0.970537
0.970537
0.970537
0.970537
0.970537
0.970537
0.970537
0.970537
0.970537
0.970537
0.970537
0.970537
0.970441
0.970307
0.970135
0.969676
0.969389
0.9687
0.968298
0.967858
0.967858
0.967858
0.96738
0.966309
0.965086
0.962964
0.96136
0.95867
0.95867
0.95867
0.957697
0.956686
0.954552
0.953428
0.951068
0.949832
0.944512
0.944512
0.94013
0.94013
0.938595
0.937023
0.933768
0.930366
0.928609
0.923121
0.921218

