0.0233907
0.0249153
0.0254325
0.0249472
0.0226111
0.0187304
0.0130718
0.00799029
0.0034938
0.00171377
0.00129167
0.00230484
0.00370669
0.0039485
0.00166173
0.0038222
0.0123942
0.0229718
0.0332478
0.0419149
0.0465229
0.0467243
0.0421864
0.0333153
0.0228386
0.0121982
0.003058
0.00366094
0.00785448
0.0106386
0.0119383
0.0157618
0.0214078
0.0257481
0.0316076
0.0347328
0.0414277
0.0443063
0.0442264
0.0427174
0.0389102
0.0349879
0.0295981
0.0239341
0.0192155
0.0145656
0.0106197
0.00882529
0.00872476
0.0104721
0.0137103
0.0179339
0.0215813
0.0237543
0.0238842
0.0215789
0.0170914
0.0113754
0.00579554
0.00149837
0.000470456
0.000794494
0.00442933
0.00923264
0.0146753
0.0183589
0.0189337
0.017454
0.0167276
0.0126527
0.00886786
0.00458768
0.00310916
0.00317304
0.00726757
0.00925206
0.0134972
0.0166224
0.0214879
0.0254897
0.0278305
0.0291335
0.0312696
0.0337529
0.0372272
0.039681
0.0404287
0.0392587
0.0367415
0.0321001
0.0271197
0.0230267
0.0208696
0.0219473
0.0262263
0.032146
0.0374967
0.0445691
0.0497479
0.0526942
0.0521882

0.0509583
0.0537342
0.0537553
0.0551375
0.0572394
0.0600881
0.0644166
0.0682176
0.0706671
0.0698264
0.0650126
0.0570437
0.0486176
0.0369731
0.0272421
0.0200787
0.0156818
0.0174685
0.0184676
0.0237572
0.0288513
0.0329468
0.0353925
0.0356041
0.0335229
0.0295167
0.0228198
0.013823
0.00591713
0.000859524
0.0084959
0.00753403
0.00914773
0.0101547
0.0135948
0.0193257
0.0248537
0.0327417
0.0340683
0.036764
0.0344595
0.0311537
0.025152
0.0201122
0.0111811
0.00815998
0.00579711
0.00141623
0.0108393
0.0152738
0.0185339
0.0261055
0.0310407
0.0436446
0.0462932
0.0452527
0.0328894
0.0276887
0.014672
0.0072282
0.00349604
0.000553807
0.00267703
0.0108433
0.0135914
0.0132166
0.0117426
0.00220434
0.00438529
0.011743
0.0161271
0.0162866
0.0161982
0.00998136
0.00269371
0.00995405
0.0226807
0.0372866
0.043326
0.0427074
0.0465218
0.0491
0.0561187
0.0558849
0.0645898
0.0747595
0.0862278
0.0975718
0.1055
0.11053
0.108356
0.105387
0.101604
0.0942829
0.0838355
0.0738688
0.0646002
0.0616912
0.0583255
0.0618192
0.0614007

0.0258255
0.0300539
0.0348153
0.0380762
0.0478739
0.0591279
0.0694424
0.0815907
0.0989303
0.106125
0.108486
0.111095
0.12016
0.132335
0.144301
0.154063
0.181877
0.217688
0.257383
0.290418
0.330623
0.375127
0.41059
0.440488
0.460856
0.485291
0.511344
0.534724
0.546362
0.567755
0.584838
0.599821
0.616086
0.620394
0.629745
0.623012
0.63128
0.643368
0.649573
0.660601
0.667305
0.676516
0.680458
0.690911
0.696712
0.702398
0.708284
0.702248
0.695878
0.690396
0.681173
0.684702
0.680099
0.681983
0.677469
0.672967
0.674915
0.672881
0.674765
0.677944
0.683264
0.687362
0.690509
0.688459
0.687132
0.688812
0.689493
0.688808
0.687925
0.682428
0.676129
0.669029
0.670071
0.680723
0.687993
0.693809
0.709735
0.714182
0.717041
0.714611
0.716008
0.710625
0.704488
0.690094
0.685777
0.67939
0.672728
0.665587
0.66178
0.661112
0.665057
0.675196
0.689892
0.694471
0.697824
0.69655
0.690285
0.678006
0.673631
0.672258
0.667733

0.00565445
0.00705053
0.00892544
0.0154106
0.0386366
0.0714245
0.110416
0.162585
0.214625
0.284004
0.371516
0.457937
0.53559
0.603662
0.665503
0.717553
0.767729
0.801338
0.82661
0.845639
0.860619
0.866532
0.86769
0.869824
0.870129
0.872532
0.876338
0.879068
0.878733
0.87708
0.874577
0.871305
0.868552
0.866117
0.867847
0.869268
0.86771
0.867542
0.866769
0.865426
0.864493
0.863364
0.86415
0.866579
0.868577
0.870289
0.871033
0.871314
0.870791
0.86814
0.86634
0.865769
0.870201
0.875406
0.875678
0.873562
0.872814
0.872649
0.872648
0.873193
0.873124
0.871829
0.870952
0.870832
0.870991
0.8718
0.872971
0.871492
0.868617
0.865679
0.864398
0.865478
0.866161
0.86699
0.867556
0.869318
0.872902
0.875522
0.875101
0.873294
0.872355
0.872179
0.871754
0.871613
0.870959
0.871397
0.872762
0.871641
0.870086
0.870668
0.872381
0.872172
0.871193
0.870519
0.869999
0.870146
0.870351
0.871488
0.873688
0.8732
0.870582

0.00426834
0.00547618
0.00663031
0.00228163
0.00293831
0.00950355
0.0259615
0.035909
0.0718835
0.163574
0.301309
0.476654
0.640826
0.754619
0.8377
0.883043
0.91006
0.925543
0.935264
0.941752
0.946728
0.94852
0.949129
0.949384
0.94951
0.949578
0.949616
0.949638
0.94965
0.949657
0.949662
0.949664
0.949666
0.949666
0.949667
0.949667
0.949667
0.949668
0.949668
0.949668
0.949668
0.949668
0.949668
0.949668
0.949668
0.949668
0.949668
0.949668
0.949668
0.949668
0.949668
0.949668
0.949668
0.949668
0.949668
0.949668
0.949668
0.949668
0.949668
0.949668
0.949668
0.949668
0.949668
0.949668
0.949649
0.949649
0.949593
0.949593
0.949593
0.9495
0.9495
0.9495
0.9495
0.949369
0.949369
0.949369
0.949369
0.949369
0.949369
0.949369
0.949369
0.9492
0.9492
0.9492
0.9492
0.948994
0.948751
0.948751
0.948751
0.948152
0.947796
0.947403
0.947403
0.947403
0.947403
0.947403
0.945999
0.945999
0.945999
0.944877
0.944259

0.00253593
0.00169802
0.00560986
0.00848944
0.018278
0.0107059
0.0148211
0.0906541
0.255573
0.500803
0.737245
0.866405
0.924328
0.951552
0.961606
0.965801
0.969041
0.970401
0.970591
0.970612
0.970614
0.970614
0.970613
0.970613
0.970613
0.970613
0.970613
0.970613
0.970613
0.970613
0.970613
0.970613
0.970613
0.970613
0.970613
0.970613
0.970613
0.970613
0.970613
0.970613
0.970613
0.970613
0.970613
0.970613
0.970613
0.970613
0.970613
0.970613
0.970613
0.970613
0.970613
0.970613
0.970613
0.970613
0.970613
0.970613
0.970613
0.970613
0.970613
0.970613
0.970613
0.970613
0.970613
0.970613
0.970613
0.970613
0.970613
0.970613
0.970613
0.970613
0.970613
0.970613
0.970613
0.970613
0.970613
0.970613
0.970613
0.970613
0.970613
0.970613
0.970613
0.970613
0.970613
0.970613
0.970613
0.970613
0.970613
0.970613
0.970613
0.970613
0.970613
0.970613
0.970613
0.970613
0.970613
0.970613
0.970613
0.970613
0.970613
0.970613
0.970613

