0.0396335
0.0393012
0.0418195
0.0477107
0.0556559
0.0631484
0.0691908
0.0715151
0.0691963
0.0627346
0.053303
0.0434163
0.0364965
0.0315476
0.0300561
0.0317487
0.0348442
0.0377335
0.0379221
0.0352345
0.0288099
0.0204185
0.0112482
0.00344306
0.00118925
0.00227851
9.95587e-07
0.00484266
0.0103512
0.0147841
0.0171545
0.0169286
0.0136654
0.00930895
0.0025269
0.00362771
0.0104656
0.0155631
0.020273
0.0239345
0.0272317
0.0295128
0.0314667
0.0316694
0.0314442
0.0293306
0.0257864
0.0223998
0.0186666
0.0140141
0.0116302
0.0138635
0.0139715
0.0134109
0.0143264
0.0156818
0.0183543
0.0205254
0.0225125
0.0231642
0.0221748
0.0205575
0.0184282
0.0158201
0.0126085
0.0104244
0.00803348
0.00604013
0.00736024
0.0109517
0.0166584
0.0221114
0.0267336
0.0294127
0.0290169
0.0255224
0.0194165
0.0107351
0.00123402
0.00752778
0.0141558
0.0175556
0.0184413
0.0169311
0.0127453
0.00720038
0.000392022
0.00595313
0.0131718
0.0194575
0.0240749
0.0267971
0.0285589
0.0289
0.027465
0.0271905
0.0239715
0.0224706
0.0244956
0.027127
0.0272556

0.0128663
0.0151074
0.0171828
0.0179386
0.0165695
0.014724
0.0134902
0.0136674
0.0109654
0.00763891
0.00402459
0.00165889
0.00154767
0.00552897
0.00860061
0.00955292
0.00811523
0.00684818
0.00540569
0.0031616
0.00347816
0.00378689
0.00556818
0.00640774
0.00842096
0.0159059
0.0197977
0.0251846
0.0290604
0.0270934
0.0241868
0.0167351
0.00959904
0.00149459
0.0106212
0.0149161
0.0157247
0.019265
0.0222043
0.0224254
0.022259
0.0110761
0.0106074
0.0074236
0.00618766
0.00238982
0.00289467
0.00448697
0.00672838
0.00432052
0.00661909
0.00899383
0.0190654
0.0182196
0.0125989
0.0179064
0.0137072
0.0104505
0.00507148
0.00196049
0.00910353
0.0110674
0.0187097
0.0249572
0.0240656
0.0330506
0.0361298
0.0410472
0.0437254
0.0503995
0.0573128
0.0627574
0.0632781
0.0581188
0.0555107
0.0422657
0.0294694
0.0203302
0.00977659
0.00498061
0.0010122
0.00205806
0.00661967
0.00228703
0.00158624
0.00108952
0.0064343
0.00796471
0.00697996
0.0196304
0.0231358
0.0336081
0.040374
0.0543647
0.0591148
0.0623514
0.0660751
0.071778
0.0715218
0.0679858
0.0632728

0.00342832
7.47244e-05
0.00491722
0.00937031
0.0123587
0.015797
0.017993
0.020399
0.0226639
0.0256528
0.0318448
0.0381354
0.0464425
0.0555999
0.0664408
0.0727676
0.0792612
0.0849024
0.0839628
0.0858688
0.0938326
0.0889788
0.0869722
0.0959695
0.100687
0.110455
0.106595
0.100915
0.104776
0.102151
0.0928172
0.0687098
0.0510996
0.017803
0.0226412
0.0440639
0.0649802
0.113769
0.15218
0.217738
0.240351
0.276768
0.301688
0.355379
0.361725
0.37262
0.390931
0.385194
0.380748
0.378941
0.394918
0.413512
0.432022
0.491196
0.493881
0.483235
0.4556
0.452796
0.457659
0.467018
0.450805
0.450891
0.437702
0.442095
0.443976
0.447112
0.437958
0.449033
0.444229
0.439144
0.434977
0.424054
0.42329
0.431161
0.40251
0.406843
0.424831
0.445902
0.442216
0.454866
0.443582
0.464468
0.461963
0.466961
0.467178
0.461062
0.442262
0.422781
0.425532
0.433506
0.432704
0.429171
0.421875
0.418788
0.42938
0.451932
0.476326
0.492688
0.472381
0.467665
0.466084

0.0136981
0.0265393
0.039965
0.054153
0.066036
0.0775577
0.0903353
0.10809
0.133531
0.167404
0.218983
0.275088
0.33938
0.41886
0.494915
0.566491
0.632203
0.689961
0.734179
0.771003
0.799248
0.817783
0.831055
0.839634
0.846431
0.851515
0.856013
0.862431
0.868187
0.871475
0.87275
0.872028
0.869536
0.867443
0.868774
0.871986
0.87267
0.87262
0.872872
0.872039
0.871582
0.871824
0.873047
0.87419
0.874055
0.874182
0.874394
0.873276
0.871327
0.869393
0.867548
0.865656
0.863394
0.861031
0.861117
0.862426
0.863834
0.865905
0.868811
0.871795
0.874443
0.876047
0.877109
0.878446
0.880634
0.880157
0.878764
0.877922
0.877682
0.877544
0.875228
0.871993
0.869196
0.866941
0.865523
0.864768
0.864397
0.866074
0.869797
0.872648
0.87114
0.868369
0.867328
0.866648
0.865576
0.867
0.870376
0.873311
0.87532
0.875191
0.874497
0.8735
0.872992
0.873276
0.871945
0.871581
0.87435
0.876275
0.875261
0.873423
0.872277

0.00842775
0.0216719
0.0400177
0.0834322
0.146857
0.25942
0.403178
0.545486
0.686084
0.786427
0.852781
0.890709
0.917315
0.934236
0.942322
0.945888
0.947554
0.948422
0.948916
0.949208
0.949385
0.949493
0.949559
0.9496
0.949626
0.949641
0.949651
0.949657
0.949661
0.949664
0.949665
0.949666
0.949667
0.949667
0.949667
0.949667
0.949668
0.949668
0.949668
0.949668
0.949668
0.949668
0.949668
0.949668
0.949668
0.949668
0.949668
0.949668
0.949668
0.949668
0.949668
0.949668
0.949668
0.949668
0.949668
0.949668
0.949668
0.949668
0.949668
0.949668
0.949668
0.949668
0.949668
0.949668
0.949668
0.949668
0.949668
0.949668
0.949668
0.949668
0.949668
0.949668
0.949668
0.949668
0.949668
0.949668
0.949668
0.949668
0.949668
0.949668
0.949668
0.949668
0.949668
0.949668
0.949668
0.949668
0.949668
0.949668
0.949668
0.949668
0.949668
0.949668
0.949668
0.949668
0.949668
0.949668
0.949668
0.949668
0.949668
0.949668
0.949668

0.00539731
0.00815092
0.0165384
0.0297851
0.0464259
0.0752197
0.113077
0.160315
0.181641
0.144071
0.0393923
0.395288
0.668105
0.845727
0.921181
0.946229
0.954174
0.958198
0.962671
0.963196
0.964222
0.965015
0.96628
0.967366
0.967371
0.967372
0.967852
0.967852
0.968292
0.968292
0.968695
0.969059
0.969672
0.969672
0.969921
0.970132
0.970132
0.970305
0.970305
0.970439
0.970439
0.970439
0.970535
0.970535
0.970593
0.970613
0.970613
0.970613
0.970613
0.970613
0.970613
0.970613
0.970613
0.970613
0.970613
0.970613
0.970613
0.970613
0.970613
0.970613
0.970613
0.970613
0.970613
0.970613
0.970613
0.970613
0.970613
0.970613
0.970613
0.970613
0.970613
0.970613
0.970613
0.970613
0.970613
0.970613
0.970613
0.970613
0.970613
0.970613
0.970613
0.970613
0.970613
0.970613
0.970613
0.970613
0.970613
0.970613
0.970613
0.970613
0.970613
0.970613
0.970613
0.970613
0.970613
0.970613
0.970613
0.970613
0.970613
0.970613
0.970613

