0.103072
0.107368
0.108702
0.141449
0.121272
0.132578
0.136788
0.0822711
0.110222
0.071097
0.0424083
0.0585521
0.0202473
0.0204401
0.0438555
0.0496968
0.0253699
0.0618205
0.0131314
0.00246574
0.0314667
0.0321291
0.0162746
0.025852
0.00154211
0.0309253
0.00612973
0.0319583
0.0491149
0.0774693
0.113747
0.117973
0.12172
0.123965
0.0602995
0.0501411
0.00166857
0.0272
0.00744592
0.00123054
0.0282096
0.0103881
0.00539626
0.0116514
0.00391893
0.0247865
0.00624579
0.0180177
0.0216959
0.0361555
0.0281514
0.0365771
0.0523629
0.0511351
0.0586573
0.0912312
0.0624806
0.0295698
0.0540102
0.00160293
0.0394871
0.0543287
0.017125
0.00803053
0.0141141
0.00870923
0.0334755
0.082482
0.0287796
0.0463217
0.0143989
0.0362054
0.0321007
0.0106019
0.0410345
0.0234561
0.0271204
0.0562235
0.0558181
0.0471373
0.0344934
0.0158453
0.0473376
0.0635395
0.0561099
0.0760556
0.00537554
0.0195334
0.0415023
0.06742
0.0322007
0.042552
0.0386265
0.0580809
0.0868358
0.061227
0.0433047
0.0262379
0.0279011
0.0153688
0.0197105

0.035688
0.0196583
0.000544406
0.0504886
0.0450312
0.00778976
0.0328318
0.084947
0.165598
0.16048
0.15069
0.16094
0.238261
0.221287
0.306635
0.412081
0.49898
0.587171
0.675844
0.745403
0.779445
0.676007
0.788025
0.804463
0.810749
0.722446
0.682522
0.732211
0.786339
0.676106
0.774751
0.744939
0.742905
0.757335
0.77813
0.806946
0.779835
0.73112
0.682899
0.764258
0.792844
0.769393
0.777797
0.749548
0.647758
0.684475
0.787689
0.809754
0.689864
0.754611
0.751565
0.808303
0.784528
0.720329
0.802889
0.81891
0.674581
0.759124
0.755833
0.822066
0.752163
0.73177
0.706156
0.756812
0.770517
0.766267
0.756552
0.692637
0.684438
0.733388
0.762526
0.676561
0.758297
0.803322
0.800306
0.713509
0.776624
0.749895
0.767123
0.696561
0.658342
0.780552
0.820847
0.718765
0.718667
0.702127
0.816284
0.775767
0.789236
0.785491
0.751269
0.732566
0.762076
0.74309
0.777379
0.71388
0.706822
0.74464
0.7178
0.748846
0.793058

0.096266
0.0948552
0.161987
0.388983
0.66029
0.766807
0.784522
0.798307
0.82124
0.899609
0.883029
0.840684
0.867449
0.874283
0.866393
0.874907
0.872873
0.894081
0.890241
0.8673
0.889977
0.813479
0.909587
0.916199
0.854187
0.855633
0.891495
0.865008
0.916062
0.87043
0.84538
0.894841
0.894097
0.861921
0.819796
0.928324
0.911314
0.807651
0.854818
0.926199
0.877958
0.885295
0.826234
0.858308
0.885947
0.871971
0.841323
0.838661
0.883898
0.851502
0.808791
0.870503
0.903962
0.841678
0.846925
0.827304
0.844095
0.876363
0.882097
0.846688
0.836944
0.862929
0.869346
0.848395
0.824884
0.887829
0.850154
0.848844
0.809695
0.858565
0.90784
0.865093
0.80167
0.854917
0.863207
0.873856
0.847501
0.783226
0.898227
0.858173
0.831529
0.853846
0.909516
0.879696
0.805305
0.834964
0.908632
0.855484
0.877641
0.875835
0.829429
0.895314
0.883765
0.853207
0.876809
0.895715
0.854807
0.862063
0.875857
0.895974
0.867628

0.105411
0.183586
0.347413
0.583573
0.772762
0.886608
0.925945
0.943724
0.943252
0.941392
0.925434
0.914022
0.946276
0.950575
0.93523
0.941331
0.933936
0.902195
0.942048
0.967519
0.933578
0.924492
0.942564
0.914967
0.933575
0.95807
0.955251
0.917096
0.92167
0.938585
0.934423
0.935178
0.957585
0.93738
0.900877
0.936217
0.957492
0.928951
0.936754
0.948069
0.912739
0.917338
0.952246
0.953804
0.912841
0.93529
0.93347
0.918296
0.933128
0.956779
0.933652
0.91688
0.940815
0.938393
0.918518
0.945558
0.937345
0.917559
0.938515
0.935448
0.924899
0.93782
0.931865
0.928147
0.942265
0.930072
0.917314
0.941547
0.931408
0.937209
0.936066
0.93062
0.902617
0.920955
0.951021
0.932621
0.906508
0.916159
0.910933
0.909682
0.944654
0.958232
0.903496
0.883189
0.917419
0.90903
0.923249
0.910093
0.907896
0.873192
0.883883
0.943332
0.913441
0.887696
0.909439
0.872142
0.82942
0.893633
0.917636
0.834828
0.846645

0.0114154
0.106239
0.237005
0.165167
0.681983
0.852557
0.866481
0.881582
0.885657
0.923172
0.935528
0.893727
0.921104
0.874313
0.898714
0.906159
0.904916
0.890269
0.914778
0.957472
0.898742
0.903609
0.904187
0.933582
0.920523
0.937983
0.943613
0.905292
0.954186
0.911409
0.917424
0.923841
0.946046
0.948642
0.945344
0.945598
0.896787
0.944303
0.933372
0.936886
0.924516
0.938631
0.957788
0.909918
0.943301
0.909954
0.928907
0.952058
0.949183
0.938045
0.930616
0.947995
0.914603
0.943279
0.928599
0.933972
0.949216
0.951854
0.932421
0.897744
0.938082
0.931325
0.942096
0.94554
0.942806
0.935384
0.938538
0.937264
0.911097
0.941949
0.947405
0.955297
0.934138
0.934702
0.913996
0.920185
0.95388
0.927807
0.938092
0.944483
0.95247
0.917927
0.932156
0.929375
0.92956
0.965152
0.940851
0.942963
0.913989
0.945994
0.930724
0.921736
0.949119
0.927039
0.953736
0.939871
0.93492
0.905411
0.944301
0.949216
0.931808

0.111948
0.399781
0.775486
0.946933
0.958058
0.963738
0.9675
0.946828
0.963228
0.969349
0.94713
0.963031
0.93348
0.940473
0.954279
0.936386
0.950162
0.941381
0.930868
0.971681
0.946074
0.962204
0.956261
0.94329
0.978892
0.965334
0.956649
0.967189
0.935608
0.972627
0.952918
0.940973
0.948806
0.928361
0.949551
0.957638
0.934123
0.955999
0.938541
0.961367
0.968765
0.956726
0.95866
0.962489
0.960778
0.978883
0.955835
0.95151
0.95085
0.954637
0.952738
0.951107
0.929365
0.949414
0.947101
0.95325
0.95615
0.944224
0.952872
0.970928
0.955209
0.977382
0.952926
0.960056
0.968917
0.958257
0.963388
0.95226
0.932596
0.958791
0.939783
0.95116
0.944386
0.933521
0.951492
0.959274
0.949152
0.968099
0.940867
0.964515
0.969818
0.960194
0.969712
0.954148
0.94393
0.973571
0.939236
0.95841
0.937021
0.927918
0.95836
0.941044
0.943572
0.953883
0.927324
0.978327
0.95598
0.959087
0.964563
0.947579
0.974387

0.0918177
0.447058
0.894764
0.921309
0.956345
0.972769
0.928176
0.940643
0.978965
0.932476
0.950943
0.961789
0.939723
0.957435
0.969208
0.924201
0.966627
0.972504
0.931517
0.951057
0.977453
0.936939
0.960068
0.957866
0.940504
0.966535
0.95987
0.926646
0.960147
0.94599
0.923773
0.947234
0.909935
0.880569
0.879853
0.856956
0.83048
0.625662
0.178347
0.923837
0.937968
0.947077
0.946016
0.969342
0.927206
0.955318
0.975079
0.933392
0.939538
0.982412
0.937336
0.948532
0.966956
0.939527
0.957329
0.972371
0.928415
0.953037
0.976568
0.934208
0.952616
0.960561
0.940639
0.959705
0.96201
0.925341
0.967614
0.963198
0.935257
0.951859
0.96696
0.940774
0.96191
0.944515
0.949342
0.96841
0.946457
0.927617
0.976734
0.949952
0.934612
0.957185
0.940615
0.930857
0.963281
0.906098
0.894005
0.9299
0.844592
0.855418
0.691701
0.90635
0.904044
0.934555
0.911558
0.956626
0.972162
0.935766
0.939793
0.978333
0.939846

0.0563986
0.272212
0.657993
0.972275
0.990511
0.96769
0.975648
0.970277
0.959983
0.972933
0.950563
0.973318
0.970302
0.98007
0.988472
0.970427
0.985599
0.962617
0.972119
0.965778
0.955039
0.972633
0.960457
0.986642
0.977333
0.980339
0.984803
0.964992
0.980209
0.957501
0.966979
0.963333
0.960602
0.984509
0.971085
0.989254
0.975187
0.975229
0.980058
0.960565
0.974921
0.954224
0.965823
0.971098
0.972935
0.992453
0.971138
0.985047
0.970743
0.969601
0.975202
0.953683
0.971362
0.954897
0.975823
0.98332
0.976734
0.990375
0.966613
0.977909
0.960747
0.962667
0.97063
0.952966
0.97699
0.967941
0.984461
0.983213
0.970147
0.978217
0.950827
0.95869
0.922752
0.919446
0.919066
0.859165
0.835078
0.953763
0.718273
0.910485
0.952072
0.980266
0.955847
0.965739
0.959398
0.958914
0.982508
0.971967
0.990807
0.971843
0.975444
0.976572
0.960277
0.975162
0.951558
0.968132
0.966465
0.974809
0.991446
0.971082
0.986455

0.0356538
0.245388
0.777749
0.961465
0.972228
0.980359
0.954868
0.961313
0.934472
0.971618
0.961247
0.960734
0.989586
0.951019
0.964367
0.945841
0.956816
0.963118
0.972936
0.95803
0.955242
0.958803
0.962954
0.968421
0.948494
0.984223
0.951283
0.945212
0.935592
0.942494
0.979987
0.950849
0.967756
0.94774
0.934659
0.920711
0.922583
0.62886
0.177591
0.979651
0.606905
0.933817
0.921346
0.942308
0.95024
0.961642
0.965733
0.941153
0.952221
0.955514
0.969651
0.966706
0.977647
0.937844
0.960621
0.957612
0.949083
0.982953
0.964092
0.988949
0.945085
0.952243
0.95674
0.964069
0.962852
0.974604
0.966549
0.956922
0.966405
0.943752
0.977634
0.959276
0.976299
0.956679
0.948221
0.978754
0.960589
0.967042
0.97014
0.971
0.949973
0.959584
0.953546
0.972918
0.980249
0.960619
0.974658
0.943192
0.972539
0.953178
0.961923
0.977092
0.97075
0.961318
0.954099
0.963314
0.967627
0.97513
0.955209
0.976024
0.951021

0.0356363
0.362267
0.938509
0.982586
0.988135
0.987734
0.987714
0.987713
0.987713
0.987713
0.987713
0.987713
0.987713
0.985928
0.980253
0.980253
0.970708
0.957333
0.94018
0.531453
0.892595
0.9856
0.987713
0.987713
0.987713
0.987713
0.987713
0.987713
0.987713
0.987713
0.987713
0.987713
0.987713
0.987713
0.987713
0.987713
0.987713
0.987713
0.987713
0.987713
0.987713
0.987713
0.987713
0.987713
0.987713
0.987713
0.987713
0.987713
0.987713
0.987713
0.987713
0.987713
0.987713
0.987713
0.987713
0.987713
0.987713
0.987713
0.985928
0.980253
0.980253
0.970708
0.94018
0.894824
0.41818
0.892595
0.9856
0.987713
0.987713
0.987713
0.987713
0.987713
0.987713
0.987713
0.987713
0.987713
0.987713
0.987713
0.987713
0.987713
0.987713
0.987713
0.987713
0.987713
0.987713
0.987713
0.987713
0.987713
0.987713
0.987713
0.987713
0.987713
0.987713
0.987713
0.987713
0.987713
0.987713
0.987713
0.987713
0.987713
0.987713

0.179748
0.874864
0.987738
0.952854
0.969213
0.966699
0.942457
0.967778
0.931248
0.965563
0.966203
0.944256
0.973648
0.945279
0.978768
0.976381
0.967539
0.980901
0.955332
0.978038
0.970165
0.963203
0.954494
0.945695
0.955926
0.951269
0.954268
0.945018
0.961375
0.949981
0.950646
0.96379
0.952881
0.985407
0.965685
0.966803
0.966422
0.957116
0.983405
0.867316
0.878768
0.779491
0.232399
0.834924
0.865577
0.930856
0.943224
0.939332
0.981901
0.95182
0.973691
0.968713
0.957504
0.984751
0.948019
0.976123
0.966188
0.945967
0.964165
0.931236
0.964514
0.96121
0.958169
0.967097
0.94202
0.973782
0.971448
0.974639
0.97583
0.958459
0.977761
0.970964
0.970791
0.962169
0.960788
0.955121
0.94992
0.953938
0.950804
0.972259
0.957195
0.959812
0.962372
0.960592
0.990691
0.966221
0.976771
0.967953
0.962047
0.98919
0.954082
0.969042
0.950218
0.943687
0.97072
0.940177
0.969081
0.956211
0.954647
0.977796
0.950345

0.0344104
0.598427
0.973289
0.975606
0.980147
0.994491
0.989916
0.979426
0.975056
0.989444
0.993808
0.984339
0.975278
0.981077
0.994709
0.989348
0.978883
0.975392
0.990332
0.993448
0.983725
0.974686
0.982052
0.994847
0.988768
0.977386
0.975805
0.991156
0.993051
0.983114
0.974548
0.983063
0.994907
0.988178
0.976948
0.976296
0.991906
0.99262
0.981121
0.974463
0.984098
0.994893
0.985875
0.976534
0.976866
0.992578
0.992158
0.980568
0.974435
0.982909
0.99289
0.979738
0.971538
0.97459
0.991227
0.974389
0.953058
0.917645
0.795677
0.307993
0.632474
0.875077
0.951042
0.985773
0.989095
0.980726
0.974396
0.985445
0.994465
0.985751
0.976068
0.977891
0.994083
0.990629
0.980152
0.97446
0.986397
0.994209
0.985136
0.975699
0.978653
0.994411
0.99008
0.979589
0.974594
0.989171
0.993905
0.98452
0.975368
0.979476
0.994654
0.989516
0.979041
0.974802
0.990077
0.993558
0.983906
0.975078
0.981761
0.994814
0.98894

0.105418
0.846746
0.980266
0.972843
0.966429
0.956765
0.950874
0.9512
0.953998
0.95756
0.961281
0.96497
0.96839
0.970679
0.969431
0.962159
0.95298
0.950373
0.951988
0.952986
0.956984
0.955437
0.95935
0.962644
0.964004
0.951654
0.94422
0.928322
0.915874
0.90331
0.836519
0.612817
0.0565213
0.872936
0.93813
0.951816
0.945702
0.934945
0.946469
0.950461
0.952934
0.956195
0.959679
0.965399
0.968753
0.970781
0.968863
0.960983
0.952745
0.949958
0.951225
0.955675
0.959373
0.963108
0.966721
0.969766
0.970718
0.966514
0.957453
0.951039
0.95084
0.953501
0.957043
0.960775
0.964487
0.967974
0.970507
0.969911
0.963362
0.953754
0.950405
0.951647
0.954778
0.958433
0.960437
0.964255
0.962286
0.964025
0.961464
0.945177
0.939943
0.940341
0.933724
0.938371
0.929777
0.91754
0.785844
0.514075
0.847243
0.933147
0.936292
0.928128
0.925433
0.926014
0.955756
0.959225
0.96274
0.968362
0.970667
0.969453
0.962216

0.0810963
0.954585
0.995647
0.987026
0.99772
0.985949
0.995338
0.984704
0.993271
0.981968
0.991698
0.980195
0.990437
0.97816
0.989353
0.978683
0.988354
0.991396
0.98582
0.998134
0.984852
0.996157
0.983769
0.993904
0.982474
0.990377
0.980841
0.98909
0.978823
0.988016
0.977687
0.987055
0.985902
0.986133
0.99768
0.985187
0.996995
0.984152
0.992706
0.982942
0.990884
0.967575
0.960868
0.937779
0.94282
0.327719
0.939135
0.836678
0.955573
0.987764
0.987037
0.997742
0.985962
0.995365
0.98472
0.993291
0.983183
0.991713
0.981175
0.99045
0.978679
0.989365
0.978134
0.988365
0.989449
0.987378
0.998136
0.986338
0.996185
0.985164
0.993927
0.983744
0.992201
0.981916
0.99085
0.979539
0.989717
0.977601
0.988697
0.985723
0.987713
0.99764
0.986699
0.997022
0.985581
0.994626
0.984259
0.992732
0.98259
0.991275
0.980396
0.990082
0.977962
0.989033
0.981147
0.988045
0.995434
0.987049
0.997762
0.985975
0.995391

0.0671391
0.9028
0.964055
0.984588
0.97991
0.977362
0.971503
0.993452
0.963884
0.985386
0.979736
0.977295
0.971151
0.994337
0.961919
0.986048
0.979547
0.977999
0.970811
0.99505
0.961631
0.986578
0.979325
0.97857
0.970485
0.995576
0.961346
0.985327
0.979045
0.979017
0.967567
0.995894
0.961066
0.985609
0.978674
0.979349
0.967195
0.995975
0.960794
0.98579
0.978163
0.979575
0.960254
0.993818
0.954429
0.980302
0.974362
0.974639
0.935166
0.946551
0.231365
0.479249
0.637789
0.92949
0.94282
0.976715
0.956267
0.979296
0.961931
0.978368
0.968197
0.990995
0.961353
0.987461
0.968738
0.980918
0.968161
0.991063
0.961414
0.987322
0.971097
0.9808
0.968179
0.988748
0.961519
0.987146
0.968864
0.980635
0.968259
0.986079
0.961675
0.986942
0.966469
0.980432
0.96841
0.983218
0.961892
0.986714
0.964099
0.980197
0.968643
0.980362
0.962179
0.986469
0.961948
0.979934
0.968965
0.977692
0.962548
0.98621
0.960169

0.0911528
0.862083
0.990381
0.980252
0.98967
0.981498
0.988957
0.982926
0.988243
0.984493
0.987529
0.986144
0.986815
0.987813
0.986103
0.991231
0.985393
0.992796
0.984686
0.994173
0.983984
0.995326
0.983288
0.996239
0.982601
0.99691
0.981924
0.997349
0.981262
0.997578
0.980618
0.997622
0.979999
0.997508
0.979411
0.997262
0.978862
0.996909
0.978363
0.996469
0.977508
0.995961
0.977275
0.995399
0.977143
0.994795
0.977131
0.994161
0.97726
0.993502
0.97755
0.992826
0.978022
0.992137
0.978694
0.991438
0.979578
0.988973
0.980679
0.988298
0.981988
0.987622
0.983486
0.986948
0.985133
0.986276
0.986878
0.985608
0.970311
0.919723
0.866423
0.919357
0.94409
0.982556
0.991626
0.984333
0.992856
0.983633
0.995816
0.982941
0.996606
0.982259
0.997158
0.981589
0.997489
0.980935
0.997622
0.980303
0.997583
0.979699
0.997399
0.979129
0.997097
0.978604
0.996697
0.978134
0.996221
0.977734
0.995684
0.977417
0.9951

0.101045
0.950192
0.951254
0.973188
0.954089
0.974983
0.967
0.962584
0.956777
0.976797
0.953446
0.989647
0.950302
0.977612
0.965348
0.962071
0.977475
0.969636
0.961527
0.97997
0.949991
0.985785
0.964238
0.95496
0.978582
0.948897
0.986975
0.958518
0.952713
0.969855
0.962357
0.972037
0.97621
0.937245
0.990444
0.949489
0.985486
0.963201
0.958176
0.977585
0.970532
0.961614
0.981927
0.94635
0.992556
0.960694
0.961385
0.974786
0.951279
0.986787
0.960017
0.955942
0.97018
0.958464
0.973186
0.972726
0.94121
0.987155
0.947042
0.983476
0.960541
0.958626
0.974206
0.969562
0.961872
0.982617
0.943928
0.992633
0.958378
0.971154
0.972925
0.956485
0.978792
0.965486
0.96041
0.975214
0.957232
0.965719
0.971944
0.947474
0.985909
0.947967
0.974262
0.961566
0.960778
0.970887
0.970658
0.957388
0.985132
0.944906
0.984277
0.959534
0.974299
0.973895
0.963604
0.96462
0.974811
0.95859
0.981288
0.959252
0.964586

0.0928698
0.946879
0.982957
0.977955
0.98193
0.9551
0.976247
0.9516
0.955981
0.969053
0.975813
0.960946
0.993595
0.975767
0.970013
0.970751
0.962955
0.949866
0.967283
0.962744
0.965896
0.966884
0.979473
0.969813
0.952676
0.963779
0.947824
0.942265
0.962079
0.962753
0.950046
0.98693
0.967755
0.96264
0.96039
0.959247
0.938451
0.944337
0.937447
0.938689
0.925405
0.939271
0.94094
0.166925
0.926235
0.940501
0.932659
0.970113
0.949942
0.969938
0.978802
0.983466
0.947418
0.976873
0.946944
0.958186
0.959466
0.977512
0.958577
0.981252
0.977096
0.979063
0.946992
0.974866
0.947133
0.959067
0.969445
0.979041
0.959977
0.99663
0.973962
0.970385
0.965546
0.967535
0.947928
0.973046
0.969492
0.972882
0.970366
0.985859
0.969302
0.95725
0.96399
0.955008
0.949541
0.970589
0.970447
0.960267
0.988055
0.969971
0.962467
0.959741
0.96157
0.944156
0.968836
0.961901
0.9712
0.960915
0.986214
0.958488
0.956859

0.0509695
0.964311
0.998383
0.998383
0.998383
0.998383
0.998383
0.998383
0.998383
0.998383
0.998383
0.998383
0.998383
0.998383
0.998383
0.998383
0.998383
0.998383
0.998383
0.998383
0.998383
0.998383
0.998383
0.998383
0.998383
0.998383
0.998383
0.998383
0.998383
0.998383
0.998383
0.998383
0.998383
0.998383
0.998383
0.998383
0.998383
0.998383
0.998383
0.998383
0.998383
0.998383
0.998383
0.998383
0.998383
0.998383
0.998383
0.998383
0.998383
0.996421
0.990526
0.980722
0.636488
0.842897
0.998383
0.998383
0.998383
0.998383
0.998383
0.998383
0.998383
0.998383
0.998383
0.998383
0.998383
0.998383
0.998383
0.998383
0.998383
0.998383
0.998383
0.998383
0.998383
0.998383
0.998383
0.998383
0.998383
0.998383
0.998383
0.998383
0.998383
0.998383
0.998383
0.998383
0.998383
0.998383
0.998383
0.998383
0.998383
0.998383
0.998383
0.998383
0.998383
0.998383
0.998383
0.998383
0.998383
0.998383
0.998383
0.998383
0.998383

0.0443996
0.960097
0.978834
0.979965
0.989082
0.998184
0.998438
0.995448
0.992129
0.988904
0.98569
0.981425
0.97902
0.97945
0.987558
0.997574
0.998699
0.995866
0.992543
0.987698
0.984721
0.981785
0.979247
0.979069
0.986087
0.996787
0.998906
0.994364
0.99116
0.988078
0.985096
0.982149
0.975034
0.975134
0.982082
0.946823
0.991177
0.994679
0.993378
0.990117
0.986914
0.983659
0.980472
0.97859
0.982319
0.992807
0.999102
0.997082
0.993797
0.990523
0.98732
0.984074
0.980848
0.978645
0.981341
0.993393
0.999057
0.997463
0.994218
0.990931
0.987725
0.984488
0.981238
0.978773
0.98052
0.991982
0.998895
0.997825
0.99464
0.99134
0.988129
0.984901
0.981636
0.978963
0.980567
0.990487
0.998595
0.99816
0.995062
0.99175
0.988533
0.985313
0.982041
0.978847
0.979918
0.988956
0.99814
0.998461
0.995483
0.992163
0.988937
0.984378
0.981454
0.979038
0.979414
0.987436
0.997517
0.998719
0.9959
0.990794
0.987729

0.0865275
0.996563
0.999758
0.999758
0.999758
0.999758
0.999758
0.999758
0.999758
0.999758
0.999758
0.999758
0.999758
0.999758
0.999758
0.999758
0.999758
0.999758
0.999758
0.999758
0.999758
0.999758
0.999758
0.999758
0.999758
0.999758
0.999758
0.999758
0.999758
0.999758
0.999758
0.999758
0.999758
0.999758
0.999758
0.999758
0.999758
0.999758
0.999758
0.999758
0.999758
0.999758
0.999758
0.999758
0.999758
0.999758
0.999758
0.999758
0.999758
0.999758
0.999758
0.999758
0.999758
0.999758
0.999758
0.999758
0.999758
0.999758
0.999758
0.999758
0.999758
0.999758
0.999758
0.999758
0.999758
0.999758
0.999758
0.999758
0.999758
0.999758
0.999758
0.999758
0.999758
0.999758
0.999758
0.999758
0.999758
0.999758
0.999758
0.999758
0.999758
0.999758
0.999758
0.999758
0.999758
0.999758
0.999758
0.999758
0.999758
0.999758
0.999758
0.999758
0.999758
0.999758
0.999758
0.999758
0.999758
0.999758
0.999758
0.999758
0.999758

