0.126292
0.0629033
0.0987562
0.129246
0.106151
0.0679314
0.0214472
0.041889
0.0129743
0.00360192
0.00363828
0.0415236
0.0694511
0.0628652
0.033805
0.0379253
0.0399799
0.0265891
0.0249149
0.0299166
0.027074
0.0572088
0.026938
0.00886121
0.00475773
0.000917241
0.00381857
0.0015615
0.0458246
0.0307944
0.0424522
0.0155368
0.0258129
0.0220208
0.0295695
0.0529579
0.034092
0.0924682
0.125471
0.0957535
0.0577139
0.00466462
0.0404314
0.00859458
0.00935456
0.00645434
0.0342552
0.0305174
0.0562607
0.0275
0.0358642
0.00669161
0.00461149
0.000302328
0.000216898
0.0375805
0.0527817
0.0308959
0.028785
0.0334946
0.0361704
0.0708701
0.0600227
0.0356252
0.090354
0.0970329
0.0751912
0.0777913
0.100572
0.129971
0.0904771
0.106949
0.0577564
0.035123
0.0292488
0.0467856
0.0815056
0.0604714
0.0972107
0.0585094
0.099104
0.107502
0.0903134
0.113081
0.0948488
0.120326
0.0537336
0.075353
0.0817974
0.067868
0.082252
0.115947
0.154814
0.0753604
0.0970027
0.104182
0.100641
0.0894399
0.0664273
0.0539719
0.00414044

0.00472457
0.00266058
0.0528232
0.02216
0.0489677
0.0516813
0.0687655
0.0536451
0.0933348
0.0475507
0.203978
0.273269
0.310652
0.403341
0.433309
0.473217
0.559031
0.610188
0.632229
0.666339
0.672817
0.685742
0.731106
0.770128
0.760714
0.776458
0.696054
0.693356
0.698414
0.676832
0.663441
0.658557
0.636403
0.72538
0.772986
0.805311
0.821711
0.83013
0.782063
0.817092
0.779391
0.822666
0.785542
0.715006
0.660849
0.685619
0.664724
0.706103
0.727499
0.740767
0.754223
0.788102
0.739969
0.763834
0.671167
0.667051
0.646997
0.646619
0.693093
0.775063
0.707151
0.700246
0.69325
0.685853
0.673625
0.726923
0.654823
0.621417
0.526144
0.512524
0.611701
0.662867
0.608441
0.626997
0.520768
0.50627
0.555963
0.535935
0.510904
0.486692
0.399044
0.305904
0.398482
0.399611
0.472665
0.366699
0.245142
0.201428
0.133277
0.0553924
0.0798958
0.0575666
0.0578309
0.0967978
0.10433
0.104089
0.124523
0.323499
0.375671
0.47971
0.466952

0.0333846
0.0359879
0.138734
0.237312
0.329862
0.497697
0.602173
0.724696
0.855832
0.90795
0.89585
0.910632
0.90533
0.923114
0.928544
0.914037
0.946005
0.899853
0.905702
0.950193
0.910572
0.930046
0.921697
0.917211
0.917381
0.92496
0.936764
0.921169
0.907146
0.9169
0.940456
0.912074
0.928411
0.936759
0.896242
0.919839
0.924036
0.942295
0.924518
0.89602
0.939662
0.903286
0.921417
0.943083
0.928512
0.90911
0.906047
0.928271
0.928547
0.930762
0.917343
0.933179
0.899104
0.90465
0.958345
0.909401
0.923147
0.926362
0.904627
0.937222
0.912281
0.935459
0.918249
0.902085
0.922846
0.938031
0.916083
0.917932
0.938866
0.889512
0.924922
0.937164
0.91992
0.928743
0.892553
0.937352
0.923764
0.913592
0.947286
0.910367
0.907144
0.908156
0.943757
0.925574
0.9163
0.921283
0.916291
0.909893
0.912153
0.955857
0.908824
0.900015
0.932021
0.908865
0.941699
0.916016
0.927707
0.921275
0.882018
0.941604
0.928629

0.0679535
0.0484896
0.0260476
0.200975
0.503699
0.781725
0.895986
0.907333
0.873309
0.906959
0.907795
0.902115
0.909688
0.909066
0.904253
0.924867
0.940626
0.924869
0.916456
0.916953
0.934799
0.932805
0.914586
0.88639
0.90724
0.929598
0.886583
0.905993
0.945333
0.910633
0.888579
0.953845
0.949779
0.909705
0.901329
0.916585
0.927689
0.912053
0.899577
0.912558
0.918725
0.900268
0.914873
0.955873
0.933668
0.892821
0.916267
0.950964
0.909308
0.911421
0.910229
0.8927
0.903937
0.924535
0.913166
0.922882
0.92612
0.9084
0.934302
0.940776
0.92143
0.910475
0.900522
0.904977
0.920211
0.922003
0.881461
0.897291
0.934704
0.924936
0.908283
0.950814
0.933417
0.885845
0.920966
0.939643
0.912902
0.888566
0.894768
0.911889
0.930948
0.9097
0.919093
0.947716
0.914778
0.906154
0.943003
0.94316
0.884793
0.892565
0.926682
0.912728
0.901879
0.915318
0.915512
0.911955
0.940032
0.92459
0.931773
0.927149
0.900691

0.0386779
0.194502
0.523994
0.842613
0.949968
0.964437
0.96787
0.976109
0.973449
0.948461
0.978705
0.97904
0.951823
0.967929
0.984566
0.961589
0.953863
0.989386
0.967239
0.955994
0.971165
0.973751
0.958134
0.970404
0.974427
0.964229
0.973789
0.961053
0.968633
0.976093
0.967102
0.955541
0.980522
0.973032
0.948348
0.981286
0.978541
0.953272
0.958896
0.986591
0.958059
0.957977
0.982524
0.963409
0.959778
0.96899
0.974577
0.961523
0.973328
0.959201
0.967632
0.97676
0.95714
0.967724
0.979618
0.962993
0.947535
0.984862
0.968381
0.95035
0.973151
0.97413
0.954754
0.960547
0.985159
0.959308
0.956785
0.948565
0.943892
0.947765
0.945141
0.925937
0.895484
0.911171
0.854538
0.842158
0.79552
0.580015
0.264317
3.50207e-05
0.657236
0.944676
0.984528
0.792462
0.317407
0.539882
0.715961
0.760391
0.841427
0.88681
0.912062
0.920458
0.946191
0.951491
0.940748
0.955077
0.926968
0.957265
0.977039
0.953776
0.956341

0.0691164
0.123149
0.0487121
0.614605
0.949363
0.924984
0.908892
0.896177
0.91863
0.902854
0.898405
0.911533
0.915954
0.94513
0.891804
0.917016
0.936178
0.904694
0.927635
0.89134
0.913048
0.940722
0.927737
0.913323
0.887874
0.878912
0.930958
0.889667
0.887399
0.87634
0.892513
0.94266
0.903026
0.915322
0.892874
0.907393
0.873521
0.895824
0.905125
0.920359
0.926901
0.88389
0.915739
0.936612
0.925134
0.915764
0.877615
0.905022
0.934441
0.904951
0.922879
0.891171
0.904685
0.932871
0.879925
0.914303
0.884486
0.888842
0.921125
0.897801
0.92689
0.912835
0.8871
0.901903
0.897751
0.920563
0.919945
0.906334
0.880344
0.9113
0.93419
0.905303
0.891392
0.877728
0.913733
0.922637
0.893141
0.923075
0.896294
0.908761
0.915077
0.887516
0.922114
0.891297
0.863418
0.916276
0.890877
0.934627
0.905626
0.859228
0.899372
0.896683
0.909451
0.875774
0.894359
0.888651
0.910435
0.917356
0.908998
0.90445
0.882797

0.0784443
0.0549852
0.826728
0.980121
0.983827
0.984008
0.984023
0.984025
0.984025
0.984025
0.984025
0.984025
0.984025
0.984025
0.984025
0.984025
0.984025
0.984025
0.984025
0.984025
0.984025
0.984025
0.984025
0.984025
0.984025
0.984025
0.984025
0.984025
0.984025
0.984025
0.984025
0.984025
0.984025
0.984025
0.984025
0.984025
0.984025
0.984025
0.984025
0.984025
0.984025
0.984025
0.984025
0.984025
0.984025
0.984025
0.984025
0.984025
0.984025
0.984025
0.984025
0.984025
0.984025
0.984025
0.984025
0.984025
0.984025
0.984025
0.984025
0.984025
0.984025
0.984025
0.984025
0.984025
0.984025
0.984025
0.984025
0.984025
0.984025
0.984025
0.984025
0.984025
0.984025
0.984025
0.984025
0.984025
0.984025
0.984025
0.984025
0.984025
0.984025
0.984025
0.984025
0.984025
0.984025
0.984025
0.984025
0.984025
0.984025
0.984025
0.984025
0.984025
0.984025
0.984025
0.984025
0.984025
0.984025
0.984025
0.984025
0.984025
0.984025

0.0215819
0.428161
0.919474
0.951559
0.963067
0.922279
0.930323
0.794188
0.175878
0.819434
0.951406
0.970792
0.964401
0.979679
0.963484
0.976308
0.960092
0.973051
0.964795
0.969971
0.979688
0.966729
0.979332
0.96304
0.975917
0.959927
0.972693
0.968106
0.969613
0.980181
0.96633
0.978961
0.962595
0.97553
0.960225
0.972338
0.970042
0.969253
0.980463
0.964937
0.978576
0.961653
0.975148
0.957189
0.965291
0.97007
0.962597
0.963887
0.92298
0.931563
0.791876
0.17703
0.788889
0.962962
0.966056
0.965909
0.978378
0.965091
0.977781
0.961307
0.974398
0.960742
0.971279
0.975595
0.96815
0.980402
0.964664
0.97738
0.960916
0.974029
0.962502
0.970927
0.977071
0.967773
0.980182
0.964231
0.97698
0.960431
0.973664
0.963687
0.970574
0.978276
0.966272
0.979901
0.963045
0.976583
0.95644
0.966469
0.962706
0.963741
0.962523
0.923718
0.912148
0.823733
0.05638
0.757919
0.964396
0.959923
0.96734
0.977698
0.966609

0.0678152
0.310453
0.178695
0.886399
0.479643
0.854514
0.393224
0.896684
0.910657
0.958639
0.9478
0.947145
0.977386
0.982405
0.963618
0.963302
0.951698
0.953406
0.970014
0.952708
0.946341
0.975119
0.98194
0.967514
0.966621
0.949784
0.954505
0.970829
0.953731
0.948824
0.974923
0.981046
0.974773
0.966252
0.947953
0.962435
0.971211
0.955095
0.95894
0.972708
0.979774
0.985736
0.966426
0.951657
0.967677
0.971148
0.956696
0.963832
0.970551
0.97817
0.992185
0.967161
0.949926
0.969294
0.970667
0.958379
0.966007
0.968461
0.976268
0.994842
0.968429
0.948377
0.967846
0.969818
0.959961
0.965805
0.966448
0.974095
0.995345
0.970152
0.943868
0.965352
0.968185
0.956879
0.96529
0.964527
0.97059
0.994855
0.971089
0.942671
0.962598
0.962515
0.957874
0.960961
0.960294
0.968038
0.993857
0.968054
0.941743
0.959903
0.960906
0.958453
0.952904
0.952119
0.960714
0.990656
0.969993
0.9412
0.953075
0.951067
0.925299

0.0229303
0.57595
0.974692
0.967891
0.986113
0.974186
0.964396
0.973002
0.974254
0.991358
0.951569
0.967184
0.959861
0.97553
0.962755
0.952901
0.972243
0.96107
0.953809
0.940383
0.954211
0.972353
0.948428
0.948476
0.944439
0.963387
0.967281
0.949974
0.977936
0.973753
0.9911
0.955189
0.969881
0.973989
0.979101
0.975181
0.955948
0.971945
0.964246
0.962578
0.956348
0.951905
0.967773
0.946394
0.941441
0.939326
0.951993
0.970704
0.927457
0.946227
0.942642
0.961685
0.935962
0.94711
0.977351
0.96534
0.952754
0.943183
0.959081
0.955846
0.931496
0.96125
0.94621
0.960833
0.906415
0.934185
0.940756
0.916286
0.929766
0.838337
0.903756
0.772238
0.647611
0.547427
0.0411451
0.105523
0.757721
0.970107
0.706856
0.240953
0.247702
0.855109
0.72689
0.868936
0.887849
0.913694
0.904904
0.948971
0.949582
0.976375
0.939435
0.94727
0.937628
0.95297
0.96912
0.941662
0.958415
0.945951
0.963372
0.942835
0.949139

0.114196
0.899683
0.986149
0.972329
0.991314
0.975854
0.991864
0.981248
0.977864
0.986708
0.972405
0.991665
0.9763
0.991307
0.981721
0.976781
0.987174
0.972547
0.991986
0.976754
0.990614
0.982193
0.975804
0.987637
0.972747
0.99227
0.977213
0.989783
0.982666
0.974945
0.988097
0.972996
0.992509
0.977676
0.986937
0.980861
0.969521
0.98651
0.962694
0.984855
0.958667
0.918977
0.912721
0.863055
0.720094
0.220868
0.961654
0.111986
0.891646
0.954291
0.963377
0.972117
0.960593
0.985056
0.963626
0.977095
0.977309
0.96985
0.982182
0.973651
0.99284
0.978212
0.983943
0.983318
0.972857
0.990301
0.97398
0.992713
0.978644
0.982589
0.983765
0.972592
0.990708
0.974328
0.992479
0.979079
0.981242
0.985966
0.972425
0.991097
0.974694
0.992127
0.979516
0.979932
0.986435
0.972345
0.991464
0.975073
0.991648
0.981445
0.978686
0.986902
0.972342
0.991803
0.975464
0.991035
0.981918
0.977529
0.987367
0.972407
0.992109

0.148983
0.885196
0.972478
0.991179
0.972767
0.9903
0.973449
0.989284
0.974413
0.988159
0.975651
0.986948
0.977141
0.985676
0.978842
0.984363
0.980698
0.983028
0.98264
0.981689
0.984586
0.980364
0.986454
0.97907
0.988165
0.97666
0.989653
0.975613
0.990869
0.974665
0.991781
0.973838
0.992377
0.973155
0.992663
0.972641
0.992656
0.972322
0.992383
0.972222
0.991876
0.972366
0.991166
0.972774
0.990287
0.97346
0.98927
0.974428
0.988143
0.975669
0.985158
0.977162
0.983941
0.978866
0.982693
0.980724
0.981435
0.980421
0.974826
0.98247
0.964603
0.978471
0.963649
0.980292
0.962777
0.981851
0.962005
0.983106
0.961354
0.984035
0.960845
0.943999
0.763968
0.478759
0.734267
0.765239
0.549645
0.837561
0.91531
0.960534
0.948708
0.973439
0.948304
0.982324
0.972883
0.989256
0.973652
0.988127
0.9747
0.986915
0.976009
0.985642
0.977543
0.984328
0.979248
0.982992
0.981057
0.981654
0.982891
0.980329
0.984668

0.0928118
0.891319
0.980396
0.971368
0.990171
0.967926
0.984241
0.975034
0.975307
0.989796
0.96855
0.982045
0.961494
0.963565
0.957463
0.953679
0.960932
0.913103
0.717298
0.963825
0.661307
0.837373
0.948305
0.982071
0.973604
0.974892
0.986326
0.968817
0.990092
0.96931
0.978599
0.980197
0.97136
0.989906
0.967843
0.981975
0.973788
0.980201
0.988512
0.973358
0.992011
0.972778
0.984151
0.982679
0.976325
0.991922
0.971863
0.989607
0.976707
0.980072
0.98867
0.973282
0.991968
0.972856
0.985806
0.982886
0.976213
0.991973
0.971851
0.989503
0.976877
0.981485
0.988824
0.973207
0.991922
0.972936
0.985674
0.983093
0.976101
0.992021
0.971843
0.989398
0.977049
0.981347
0.988976
0.973135
0.991874
0.973019
0.985541
0.9833
0.977163
0.992065
0.971836
0.989291
0.977223
0.98121
0.989125
0.973756
0.991823
0.973106
0.985408
0.983506
0.97704
0.992105
0.97193
0.989183
0.9774
0.981073
0.989271
0.97367
0.99177

0.0918533
0.942921
0.940285
0.937386
0.964687
0.952721
0.989202
0.966386
0.938781
0.930763
0.957685
0.963269
0.963676
0.978228
0.92801
0.93152
0.936174
0.976169
0.958313
0.974823
0.944124
0.939986
0.922229
0.977531
0.967065
0.969933
0.949582
0.945502
0.923971
0.953915
0.978802
0.963064
0.944272
0.94205
0.935726
0.928262
0.987877
0.96358
0.948281
0.931597
0.948772
0.924395
0.976563
0.9724
0.936265
0.900635
0.831145
0.0335935
0.954208
0.050833
0.924927
0.923183
0.93391
0.953688
0.95522
0.96078
0.965715
0.947292
0.923736
0.951255
0.953105
0.973604
0.950438
0.9663
0.925934
0.950798
0.957366
0.983753
0.944247
0.968803
0.938666
0.940028
0.957358
0.980602
0.955571
0.943798
0.952996
0.933401
0.949552
0.973923
0.980193
0.93062
0.962707
0.937168
0.951208
0.965499
0.991814
0.938907
0.948546
0.946673
0.95495
0.952158
0.989737
0.95986
0.936908
0.951796
0.951096
0.961303
0.969912
0.977218
0.933797

0.187358
0.972659
0.978722
0.983082
0.986737
0.991148
0.993691
0.974241
0.978162
0.983461
0.987125
0.991691
0.992201
0.97429
0.978606
0.982358
0.980255
0.984619
0.982058
0.950578
0.834066
0.933856
0.987929
0.992817
0.985229
0.975381
0.980674
0.984568
0.988349
0.993376
0.982188
0.97595
0.981117
0.984933
0.988783
0.993902
0.9807
0.976538
0.981544
0.985298
0.989234
0.994354
0.978129
0.977125
0.981958
0.985666
0.989702
0.994663
0.976254
0.976813
0.980993
0.986036
0.990189
0.994728
0.975062
0.977297
0.976084
0.979262
0.973563
0.986686
0.772639
0.904758
0.983137
0.986792
0.991224
0.993525
0.974212
0.979311
0.983514
0.987181
0.99177
0.991926
0.974491
0.979806
0.983886
0.987579
0.992331
0.989557
0.974931
0.980282
0.984254
0.987988
0.992897
0.986569
0.97497
0.980738
0.98462
0.98841
0.993454
0.98333
0.975419
0.97991
0.983435
0.987099
0.993972
0.980296
0.971325
0.975123
0.96901
0.972333
0.766834

0.0316373
0.753675
0.995389
0.995647
0.995648
0.995648
0.995648
0.995648
0.995648
0.995648
0.995648
0.995648
0.995648
0.995648
0.995648
0.995648
0.995648
0.995648
0.995648
0.995648
0.995648
0.995648
0.995648
0.995648
0.995648
0.995648
0.995648
0.995648
0.995648
0.995648
0.995648
0.995648
0.995648
0.995648
0.995648
0.995648
0.995648
0.995648
0.995648
0.995648
0.995648
0.995648
0.995648
0.995648
0.995648
0.995648
0.995648
0.995648
0.995648
0.995648
0.995648
0.995648
0.995648
0.995648
0.995648
0.995648
0.995648
0.995648
0.995648
0.995648
0.995648
0.995648
0.995648
0.993698
0.993698
0.993698
0.993698
0.993698
0.993698
0.993698
0.993698
0.993698
0.987826
0.987826
0.987826
0.987826
0.964425
0.805633
0.681398
0.900988
0.805359
0.946845
0.977969
0.987768
0.987768
0.993668
0.993668
0.993668
0.993668
0.993668
0.993668
0.993668
0.993668
0.995648
0.995648
0.995648
0.995648
0.995648
0.995648
0.995648
0.995648

0.144667
0.969068
0.978052
0.990503
0.982396
0.971738
0.974314
0.990493
0.984396
0.974355
0.97169
0.989244
0.986318
0.976224
0.970323
0.986566
0.988077
0.978191
0.970039
0.982703
0.989534
0.980206
0.970561
0.978404
0.99046
0.982233
0.971634
0.974581
0.990536
0.984236
0.973061
0.971855
0.989398
0.986166
0.974711
0.97039
0.986834
0.987944
0.976497
0.970028
0.983045
0.989432
0.978362
0.970496
0.978746
0.990412
0.980267
0.971531
0.974855
0.99057
0.984075
0.972936
0.972029
0.989543
0.986014
0.974572
0.970465
0.987094
0.987808
0.976349
0.970023
0.983384
0.989327
0.978209
0.970433
0.979091
0.990359
0.980112
0.971431
0.975137
0.990597
0.982021
0.972812
0.972211
0.989678
0.983888
0.974433
0.966916
0.987345
0.98564
0.970843
0.966006
0.98147
0.981189
0.972539
0.966009
0.976965
0.988218
0.974307
0.958179
0.941313
0.958985
0.935875
0.930202
0.936815
0.940702
0.863609
0.859654
0.805174
0.121018
0.939584

0.0157051
0.949533
0.998814
0.979448
0.997348
0.978646
0.990573
0.984931
0.985177
0.994896
0.980193
0.997527
0.976965
0.993815
0.978752
0.986507
0.987864
0.981096
0.995395
0.976568
0.994512
0.974974
0.989586
0.980137
0.982137
0.990221
0.976952
0.993937
0.97333
0.990672
0.974255
0.983268
0.982662
0.977778
0.991085
0.97306
0.991119
0.970952
0.986465
0.975182
0.978844
0.985266
0.973564
0.990142
0.969661
0.98748
0.969866
0.9821
0.977527
0.974472
0.986676
0.9696
0.987699
0.967041
0.983387
0.970385
0.975556
0.980288
0.970198
0.986255
0.966038
0.984256
0.965569
0.979053
0.972417
0.971105
0.982122
0.966105
0.984164
0.963138
0.98024
0.965614
0.974623
0.975181
0.966725
0.982208
0.962373
0.980956
0.961312
0.97599
0.967311
0.970272
0.977467
0.962607
0.980668
0.959386
0.977273
0.961132
0.97189
0.970317
0.963516
0.978537
0.959219
0.978344
0.957888
0.973904
0.963279
0.968611
0.974031
0.960509
0.978897

0.0904303
0.989975
0.993634
0.993637
0.993637
0.993637
0.993637
0.991766
0.991766
0.991766
0.985981
0.976305
0.976305
0.766524
0.993637
0.993637
0.993637
0.993637
0.993637
0.993637
0.993637
0.993637
0.993637
0.993637
0.993637
0.993637
0.993637
0.993637
0.993637
0.993637
0.993637
0.993637
0.993637
0.993637
0.993637
0.993637
0.993637
0.993637
0.993637
0.993637
0.993637
0.993637
0.993637
0.993637
0.993637
0.993637
0.993637
0.993637
0.993637
0.991766
0.991766
0.991766
0.976305
0.976305
0.976305
0.00143282
0.993637
0.993637
0.993637
0.993637
0.993637
0.993637
0.993637
0.993637
0.993637
0.993637
0.993637
0.993637
0.993637
0.993637
0.993637
0.993637
0.993637
0.993637
0.993637
0.993637
0.993637
0.993637
0.993637
0.993637
0.993637
0.993637
0.993637
0.993637
0.993637
0.993637
0.993637
0.993637
0.993637
0.993637
0.993637
0.991766
0.991766
0.991766
0.976305
0.976305
0.962776
0.123114
0.993637
0.993637
0.993637

0.0603616
0.970001
0.994579
0.99458
0.99458
0.99458
0.99458
0.99458
0.99458
0.99458
0.99458
0.99458
0.99458
0.99458
0.99458
0.99458
0.99458
0.99458
0.99458
0.99458
0.99458
0.99458
0.99458
0.99458
0.99458
0.99458
0.99458
0.99458
0.99458
0.99458
0.988696
0.988696
0.97891
0.965261
0.965261
0.947803
0.947803
0.947803
0.926604
0.926604
0.926604
0.926604
0.926604
0.873333
0.72653
0.534077
0.0626972
0.479977
0.965199
0.996538
0.965261
0.873333
0.767925
0.308065
0.424193
0.841338
0.841338
0.901642
0.947726
0.947726
0.947726
0.947726
0.947726
0.947726
0.947726
0.965199
0.965199
0.965199
0.965199
0.965199
0.965199
0.965199
0.988665
0.988665
0.994564
0.994564
0.994564
0.994564
0.994564
0.994564
0.994564
0.994564
0.994564
0.994564
0.994564
0.994564
0.994564
0.994564
0.994564
0.994564
0.994564
0.994564
0.994564
0.994564
0.996538
0.996538
0.996538
0.996538
0.996538
0.996538
0.996538

0.0348785
0.993201
0.994371
0.994371
0.994371
0.994371
0.994371
0.994371
0.994371
0.994371
0.994371
0.994371
0.994371
0.994371
0.994371
0.994371
0.994371
0.994371
0.994371
0.994371
0.994371
0.994371
0.994371
0.994371
0.994371
0.994371
0.994371
0.994371
0.994371
0.994371
0.994371
0.994371
0.994371
0.994371
0.994371
0.994371
0.994371
0.994371
0.994371
0.994371
0.994371
0.994371
0.994371
0.994371
0.994371
0.994371
0.994371
0.994371
0.994371
0.994371
0.994371
0.994371
0.994371
0.994371
0.994371
0.994371
0.994371
0.994371
0.994371
0.994371
0.994371
0.994371
0.994371
0.994371
0.994371
0.994371
0.994371
0.994371
0.994371
0.994371
0.994371
0.992497
0.992497
0.992497
0.992497
0.992497
0.992497
0.992497
0.992497
0.992497
0.992497
0.992497
0.992497
0.992497
0.986706
0.986706
0.986706
0.977021
0.840327
0.994371
0.838824
0.976496
0.986355
0.992321
0.992321
0.994371
0.994371
0.994371
0.994371
0.994371
0.994371

