0.043065
0.0675094
0.0707595
0.0809402
0.0464737
0.0476311
0.00501384
0.0335571
0.0239574
0.0223356
0.0295871
0.0148191
0.046688
0.0394386
0.0416495
0.0426151
0.103083
0.108393
0.0234154
0.0145841
0.046394
0.0623629
0.0533654
0.0794896
0.107686
0.00241492
0.0908325
0.0824902
0.0446115
0.0105418
0.00150135
0.0401541
0.0135571
0.0119981
0.0230737
0.0105883
0.00363199
0.000211379
0.0049968
0.0133421
0.0171015
0.050643
0.122373
0.17076
0.115902
0.110164
0.0977799
0.0608246
0.0503571
0.0750239
0.101212
0.0162546
0.0413412
0.00594871
0.0267448
0.0374845
0.0735634
0.0775215
0.0887697
0.0673221
0.0207893
0.0226035
0.01424
0.0269487
0.00229865
0.00809589
0.0124367
0.031564
0.036188
0.0348986
0.0567061
0.0773017
0.057249
0.0807103
0.123125
0.0637764
0.00162019
0.0871039
0.0306999
0.000428793
0.0233778
0.0189033
0.0362257
0.118414
0.180973
0.201252
0.133463
0.11447
0.122974
0.115207
0.106525
0.0422188
0.0379447
0.000990769
0.0495128
0.0252061
0.0454887
0.0275314
0.0423424
0.0514002
0.0197219

0.0756734
0.154071
0.187327
0.260747
0.306601
0.349918
0.399093
0.407002
0.49637
0.560309
0.571746
0.556853
0.588991
0.57984
0.562139
0.601691
0.621593
0.640842
0.604328
0.65058
0.626126
0.628633
0.700829
0.725293
0.739832
0.719003
0.739494
0.662249
0.65111
0.660016
0.676437
0.693431
0.658797
0.687551
0.658051
0.713651
0.671426
0.691753
0.719547
0.678018
0.687988
0.666404
0.734042
0.706436
0.72608
0.742724
0.74105
0.73513
0.716838
0.689367
0.632819
0.723516
0.677608
0.628326
0.653333
0.639692
0.690405
0.599759
0.670785
0.607174
0.631764
0.567112
0.588765
0.617798
0.608269
0.600052
0.50841
0.58309
0.518735
0.522922
0.520759
0.550338
0.593726
0.531668
0.566448
0.514678
0.509195
0.501326
0.49105
0.564491
0.530897
0.650794
0.531354
0.479192
0.417057
0.281693
0.1832
0.158144
0.337889
0.244028
0.204868
0.220772
0.162827
0.129557
0.0519607
0.154271
0.034295
0.160553
0.116717
0.0543772
0.161958

0.0134587
0.0315038
0.0835151
0.120903
0.188682
0.231897
0.390255
0.515638
0.614656
0.739596
0.749339
0.768923
0.76702
0.783192
0.806158
0.878842
0.863852
0.84655
0.878168
0.880118
0.842667
0.797403
0.801256
0.813851
0.851245
0.825251
0.824642
0.833594
0.852592
0.829625
0.838056
0.842924
0.810979
0.845301
0.842706
0.835519
0.803355
0.817608
0.789068
0.776103
0.823011
0.830771
0.835913
0.832847
0.828933
0.845786
0.868637
0.790004
0.765887
0.827439
0.819693
0.776879
0.778294
0.829609
0.784923
0.805688
0.752863
0.727219
0.740027
0.738073
0.725844
0.63581
0.615593
0.55627
0.534201
0.383048
0.245485
0.117973
0.346524
0.174306
0.263253
0.613094
0.788499
0.740714
0.041158
0.354073
0.662447
0.627226
0.602396
0.654536
0.624801
0.667506
0.677309
0.705971
0.723726
0.785349
0.824542
0.787044
0.774861
0.8159
0.753617
0.724737
0.791712
0.792687
0.786954
0.711121
0.809806
0.83548
0.822493
0.773386
0.737728

0.0892743
0.0867333
0.00609585
0.270158
0.386795
0.67356
0.831346
0.90731
0.929312
0.903071
0.881407
0.86954
0.873765
0.828389
0.870077
0.916502
0.932004
0.881695
0.844419
0.82725
0.80791
0.902889
0.881922
0.880222
0.849433
0.850745
0.830795
0.821911
0.883331
0.812941
0.839786
0.752017
0.729953
0.753635
0.764727
0.833225
0.582762
0.592452
0.485858
0.443191
0.531989
0.463546
0.504714
0.282643
0.0830819
0.216173
0.269022
0.193318
0.168001
0.0775741
0.435997
0.78435
0.884712
0.89746
0.895814
0.637786
0.1378
0.367513
0.282889
0.563532
0.511129
0.633723
0.637296
0.666068
0.673538
0.685574
0.792597
0.809766
0.866958
0.753062
0.742307
0.785305
0.791061
0.849006
0.892978
0.851359
0.826761
0.80083
0.831628
0.851869
0.936896
0.900658
0.88078
0.803619
0.835912
0.89351
0.890317
0.877011
0.859769
0.871787
0.844484
0.896114
0.873196
0.888041
0.909798
0.850989
0.836524
0.898898
0.919206
0.902835
0.89441

0.00138237
0.146358
0.548006
0.822428
0.910751
0.967771
0.973175
0.956922
0.956581
0.95159
0.938619
0.952751
0.959487
0.955034
0.96821
0.971044
0.954449
0.954706
0.950995
0.938904
0.953795
0.955075
0.951014
0.968973
0.96873
0.952558
0.953341
0.947126
0.939342
0.954887
0.955904
0.94316
0.967509
0.952888
0.923925
0.931735
0.91325
0.90611
0.928805
0.897824
0.895803
0.921733
0.901189
0.835271
0.851381
0.817287
0.744202
0.741496
0.663385
0.620983
0.616484
0.357019
0.345595
0.669092
0.940957
0.370438
0.116925
0.407829
0.731631
0.786615
0.815264
0.879403
0.871862
0.898666
0.925442
0.930299
0.948687
0.951155
0.953586
0.947023
0.928283
0.928131
0.942715
0.937209
0.944934
0.965136
0.957974
0.962549
0.954708
0.936525
0.93991
0.950449
0.945143
0.955752
0.965927
0.95818
0.961862
0.952961
0.940968
0.947823
0.954257
0.949222
0.96465
0.968702
0.960896
0.968215
0.95658
0.94037
0.951833
0.955101
0.950163

0.140342
0.168848
0.721054
0.886735
0.905231
0.930357
0.878812
0.868115
0.886858
0.890081
0.864562
0.814919
0.891821
0.881142
0.837633
0.781232
0.858317
0.879961
0.853501
0.881336
0.814147
0.752203
0.766813
0.697965
0.652112
0.674234
0.676101
0.672029
0.457523
0.474604
0.369058
0.655747
0.310186
0.327008
0.712964
0.776916
0.0574827
0.209379
0.0577107
0.321255
0.613001
0.737909
0.723451
0.74833
0.803223
0.852214
0.795199
0.706029
0.787092
0.819784
0.851746
0.897228
0.90176
0.867737
0.901124
0.849005
0.894146
0.861805
0.893807
0.918086
0.867527
0.904015
0.879939
0.915978
0.906839
0.877009
0.877892
0.881325
0.849361
0.880672
0.910159
0.914722
0.896434
0.857959
0.91269
0.922427
0.849239
0.898954
0.88689
0.938874
0.895606
0.859445
0.940705
0.898347
0.944232
0.901973
0.904806
0.892796
0.865518
0.91203
0.915274
0.915913
0.932463
0.905831
0.891787
0.906299
0.913138
0.923287
0.893614
0.867866
0.935622

0.0363895
0.162237
0.719523
0.91971
0.971282
0.962845
0.957048
0.923118
0.950482
0.949075
0.966669
0.922249
0.922231
0.907609
0.942659
0.934931
0.938412
0.921173
0.93724
0.937091
0.955158
0.945002
0.948385
0.951703
0.950629
0.956768
0.940575
0.950475
0.933601
0.940948
0.920347
0.934968
0.934021
0.954919
0.935579
0.938863
0.922762
0.958471
0.952598
0.962119
0.928192
0.937907
0.943793
0.960432
0.943137
0.921041
0.913061
0.931502
0.960144
0.94785
0.938152
0.917832
0.949815
0.957657
0.97287
0.936615
0.943058
0.937175
0.97012
0.951193
0.941353
0.911975
0.927317
0.929952
0.947671
0.926671
0.93134
0.931559
0.945382
0.95387
0.945709
0.954558
0.946869
0.961799
0.946401
0.958279
0.940612
0.950518
0.926677
0.931795
0.9184
0.947209
0.93537
0.945045
0.91487
0.938249
0.943653
0.96448
0.946656
0.936507
0.936776
0.957719
0.968098
0.946087
0.928091
0.905573
0.946094
0.948233
0.954725
0.917634
0.927666

0.0184089
0.0962878
0.586875
0.929445
0.973334
0.969941
0.986035
0.970484
0.977521
0.983103
0.968309
0.986899
0.967892
0.980288
0.979225
0.97148
0.987247
0.966763
0.982892
0.97494
0.974087
0.986262
0.967353
0.985106
0.971092
0.976876
0.983818
0.968822
0.986672
0.968323
0.979683
0.980142
0.970949
0.987276
0.966864
0.982344
0.975875
0.973492
0.986604
0.967146
0.984664
0.970865
0.976255
0.984476
0.968433
0.986398
0.968242
0.979072
0.979398
0.967723
0.98545
0.963015
0.979874
0.970151
0.964195
0.979404
0.956157
0.967083
0.94544
0.957473
0.892544
0.692494
0.577719
0.162275
0.910449
0.973596
0.955355
0.985046
0.963771
0.979257
0.977773
0.970993
0.987074
0.966672
0.983699
0.973546
0.973439
0.985593
0.967146
0.985725
0.970009
0.97606
0.982684
0.968508
0.987002
0.967687
0.980612
0.978719
0.970495
0.987205
0.966715
0.983181
0.974442
0.974414
0.986047
0.966955
0.985333
0.970696
0.977213
0.983435
0.969046

0.114352
0.705282
0.963815
0.974997
0.985064
0.992004
0.976343
0.971614
0.97637
0.980818
0.983965
0.965025
0.962329
0.967072
0.971506
0.973646
0.952136
0.955573
0.962836
0.973248
0.982457
0.968624
0.975252
0.982525
0.988123
0.986766
0.967323
0.970362
0.974836
0.979351
0.975076
0.957229
0.960724
0.965234
0.970258
0.96445
0.953157
0.964445
0.976922
0.989024
0.981276
0.972033
0.977834
0.982455
0.98663
0.972041
0.963874
0.96887
0.973324
0.976797
0.95747
0.952186
0.960673
0.967044
0.975068
0.961996
0.967465
0.979347
0.987877
0.991037
0.971117
0.971191
0.976603
0.981136
0.981033
0.960536
0.958042
0.966575
0.971021
0.969135
0.95022
0.955461
0.967007
0.979815
0.981927
0.970557
0.976646
0.983653
0.98859
0.979678
0.966027
0.969633
0.973791
0.977942
0.965221
0.95333
0.957227
0.965947
0.971454
0.95851
0.957576
0.968868
0.983056
0.991674
0.975259
0.972597
0.976908
0.982821
0.985285
0.962545
0.959655

0.0393732
0.307068
0.922223
0.965747
0.972105
0.957315
0.965875
0.954866
0.964567
0.958626
0.95036
0.966393
0.960605
0.976104
0.969465
0.973432
0.976839
0.968028
0.981276
0.970457
0.979822
0.963951
0.95179
0.959525
0.950043
0.963446
0.95687
0.971648
0.965064
0.95718
0.973328
0.96723
0.982179
0.974637
0.982031
0.975965
0.961448
0.970042
0.956549
0.966458
0.955722
0.953327
0.9609
0.953479
0.969339
0.963676
0.979318
0.972039
0.964841
0.978836
0.970437
0.982186
0.969648
0.975991
0.96242
0.947129
0.960236
0.951748
0.966521
0.959517
0.964767
0.967614
0.96011
0.976203
0.970246
0.985195
0.97614
0.96883
0.975281
0.960949
0.968807
0.956062
0.966638
0.956711
0.948286
0.963441
0.957235
0.972642
0.966465
0.976994
0.974459
0.965836
0.980715
0.971888
0.982848
0.968289
0.961279
0.961292
0.949427
0.961649
0.954275
0.969575
0.962106
0.955744
0.970274
0.963951
0.979254
0.972744
0.985409
0.977108
0.964266

0.00264483
0.037959
0.703115
0.954875
0.969058
0.973999
0.978475
0.985443
0.987139
0.968789
0.969521
0.974134
0.980406
0.985397
0.987258
0.96892
0.969461
0.974076
0.980343
0.985327
0.987361
0.969054
0.969399
0.974017
0.980281
0.985257
0.987457
0.969195
0.969338
0.975573
0.980219
0.985188
0.987546
0.969342
0.969278
0.975509
0.980156
0.985118
0.987629
0.969497
0.969217
0.975444
0.980094
0.985048
0.987706
0.969659
0.969157
0.97538
0.980032
0.984978
0.987776
0.969829
0.970099
0.975315
0.97997
0.984908
0.987841
0.970005
0.970027
0.975251
0.979908
0.984838
0.987899
0.970189
0.969956
0.975186
0.979846
0.984768
0.987952
0.97038
0.969884
0.975121
0.979784
0.984699
0.987999
0.970578
0.969813
0.975056
0.979722
0.984629
0.988041
0.970783
0.969743
0.974991
0.97966
0.984559
0.988077
0.970996
0.969672
0.974926
0.979599
0.98449
0.988109
0.971216
0.969602
0.97486
0.979537
0.98442
0.988136
0.970648
0.969533

0.0389689
0.746676
0.970854
0.969161
0.96873
0.96031
0.983866
0.976409
0.972259
0.990694
0.962451
0.965524
0.972477
0.963448
0.985149
0.979992
0.973035
0.985425
0.959367
0.962637
0.976023
0.966754
0.984976
0.983648
0.972735
0.976971
0.962147
0.96092
0.979367
0.970151
0.983211
0.986899
0.967033
0.97312
0.965923
0.960799
0.982513
0.973634
0.98049
0.987713
0.959121
0.972716
0.96967
0.962053
0.985388
0.977226
0.977727
0.982362
0.957191
0.971432
0.973222
0.964364
0.987772
0.980867
0.973877
0.97467
0.959246
0.968713
0.976621
0.967461
0.989236
0.98404
0.965118
0.97246
0.963089
0.965826
0.979942
0.970833
0.98915
0.984613
0.955329
0.973761
0.966858
0.964179
0.983237
0.974397
0.986772
0.97897
0.952245
0.975233
0.970419
0.964215
0.986503
0.978032
0.980577
0.971569
0.953561
0.975237
0.973828
0.965635
0.989616
0.981152
0.968283
0.969976
0.956228
0.973216
0.977176
0.967991
0.992162
0.981487
0.956215

0.101519
0.900629
0.97776
0.976762
0.992165
0.992849
0.982065
0.974769
0.986126
0.995051
0.986432
0.975669
0.979656
0.994412
0.990636
0.979538
0.975615
0.990137
0.993933
0.983704
0.974822
0.983534
0.995213
0.988081
0.97656
0.977741
0.993206
0.992045
0.981057
0.974952
0.987749
0.994729
0.985373
0.975241
0.981072
0.994891
0.989674
0.977667
0.976285
0.991473
0.993275
0.98266
0.974743
0.985173
0.995162
0.98704
0.975967
0.978906
0.994034
0.991169
0.978942
0.975317
0.989296
0.994262
0.984313
0.974936
0.982607
0.995155
0.988673
0.976943
0.977152
0.99263
0.992519
0.980344
0.974825
0.986817
0.994934
0.985985
0.975474
0.980237
0.994641
0.990235
0.978117
0.975874
0.990721
0.993668
0.981836
0.97477
0.984222
0.995215
0.987644
0.976298
0.978211
0.993582
0.991683
0.979443
0.975083
0.988414
0.994549
0.983384
0.975096
0.981708
0.995028
0.989255
0.977352
0.976628
0.991985
0.992967
0.980882
0.974757
0.98587

0.0242802
0.884454
0.960092
0.944333
0.95977
0.948125
0.976032
0.913111
0.952467
0.965228
0.955325
0.959979
0.948523
0.951583
0.943577
0.964248
0.990583
0.920528
0.957886
0.954942
0.953678
0.944291
0.942022
0.956517
0.923117
0.97331
0.959086
0.957196
0.918188
0.966231
0.952882
0.959551
0.975181
0.951469
0.941774
0.937042
0.970586
0.9455
0.923239
0.957403
0.94421
0.95276
0.953881
0.94535
0.934856
0.934835
0.989328
0.944935
0.962342
0.937566
0.954428
0.942232
0.947606
0.972014
0.911621
0.952589
0.948625
0.958736
0.93389
0.935001
0.957162
0.937639
0.96652
0.974841
0.92676
0.942343
0.93474
0.958245
0.933043
0.921084
0.930042
0.920006
0.93963
0.957617
0.939739
0.889866
0.94354
0.92222
0.930609
0.907372
0.940673
0.906317
0.830051
0.762043
0.860357
0.707077
0.436864
0.295115
0.821258
0.870377
0.908967
0.897214
0.925073
0.93024
0.931151
0.925347
0.921892
0.925087
0.930275
0.964844
0.957658

0.0754495
0.989344
0.996846
0.996846
0.996846
0.996846
0.996846
0.996846
0.996846
0.996846
0.996846
0.996846
0.996846
0.996846
0.996846
0.996846
0.996846
0.996846
0.996846
0.996846
0.996846
0.996846
0.996846
0.996846
0.996846
0.996846
0.996846
0.996846
0.996846
0.996846
0.996846
0.996846
0.996846
0.996846
0.996846
0.996846
0.996846
0.996846
0.996846
0.996846
0.996846
0.996846
0.996846
0.996846
0.996846
0.996846
0.996846
0.996846
0.996846
0.996846
0.996846
0.996846
0.996846
0.996846
0.996846
0.996846
0.996846
0.996846
0.996846
0.996846
0.996846
0.996846
0.996846
0.996846
0.996846
0.996846
0.996846
0.996846
0.996846
0.996846
0.99487
0.99487
0.99487
0.99487
0.99487
0.988968
0.988968
0.979163
0.965493
0.948014
0.948014
0.901914
0.635306
0.586044
0.87361
0.948014
0.308175
0.841739
0.87361
0.926895
0.989003
0.989003
0.989003
0.989003
0.994888
0.994888
0.994888
0.994888
0.994888
0.994888
0.994888

0.0441648
0.896623
0.99481
0.99484
0.99484
0.99484
0.99484
0.99484
0.99484
0.99484
0.99484
0.99484
0.99484
0.99484
0.99484
0.99484
0.99484
0.99484
0.99484
0.99484
0.99484
0.99484
0.99484
0.99484
0.99484
0.99484
0.99484
0.99484
0.99484
0.99484
0.99484
0.99484
0.99484
0.99484
0.99484
0.99484
0.99484
0.99484
0.99484
0.99484
0.99484
0.99484
0.99484
0.99484
0.99484
0.99484
0.99484
0.99484
0.99484
0.99484
0.99484
0.99484
0.99484
0.99484
0.99484
0.99484
0.99484
0.99484
0.99484
0.99484
0.99484
0.99484
0.99484
0.99484
0.99484
0.99484
0.99484
0.99484
0.99484
0.99484
0.99484
0.99484
0.99484
0.99484
0.99484
0.99484
0.99484
0.99484
0.99484
0.99484
0.99484
0.99484
0.99484
0.99484
0.99484
0.99484
0.99484
0.99484
0.99484
0.99484
0.99484
0.99484
0.99484
0.99484
0.99484
0.99484
0.99484
0.99484
0.99484
0.99484
0.99484

0.0682698
0.95444
0.974245
0.975782
0.974328
0.964312
0.931962
0.961755
0.88706
0.885036
0.312017
0.474484
0.961398
0.680125
0.978567
0.974205
0.95683
0.983522
0.968339
0.968542
0.957913
0.9894
0.95965
0.973686
0.973724
0.982534
0.965835
0.975689
0.993413
0.96747
0.981807
0.977657
0.992858
0.961645
0.985903
0.980748
0.978007
0.961638
0.987944
0.97352
0.972027
0.964415
0.990792
0.962031
0.972317
0.98004
0.983844
0.967961
0.974219
0.996531
0.968353
0.981331
0.978732
0.994319
0.960796
0.984481
0.979822
0.978902
0.960311
0.988421
0.974923
0.971232
0.963821
0.989851
0.965184
0.970984
0.983061
0.984828
0.973892
0.97477
0.997055
0.969544
0.98059
0.977239
0.995311
0.960135
0.984561
0.978753
0.980099
0.959103
0.986926
0.976161
0.970639
0.967684
0.988758
0.970924
0.969698
0.98475
0.985436
0.975631
0.973283
0.996999
0.970983
0.980549
0.975727
0.995841
0.959707
0.98304
0.977598
0.98154
0.960624

0.0831697
0.969873
0.989281
0.989053
0.988977
0.988949
0.988939
0.988935
0.988934
0.988933
0.988933
0.988933
0.988933
0.988933
0.988933
0.988933
0.988933
0.988933
0.988933
0.988933
0.988933
0.988933
0.988933
0.988933
0.988933
0.988933
0.988933
0.988933
0.988933
0.988933
0.988933
0.988933
0.988933
0.988933
0.988933
0.988933
0.988933
0.988933
0.988933
0.988933
0.987249
0.987249
0.987249
0.987249
0.987249
0.987249
0.987249
0.987249
0.987249
0.987249
0.987249
0.987249
0.987249
0.987249
0.987249
0.987249
0.987249
0.987249
0.987249
0.987249
0.987249
0.987249
0.987249
0.987249
0.987249
0.987249
0.987249
0.987249
0.981669
0.981669
0.958924
0.921055
0.584728
0.956804
0.577832
0.970617
0.980601
0.980601
0.986714
0.986714
0.986714
0.986714
0.986714
0.986714
0.986714
0.986714
0.988933
0.988933
0.988933
0.988933
0.988933
0.988933
0.988933
0.988933
0.988933
0.988933
0.988933
0.988933
0.988933
0.988933
0.988933

0.056582
0.946503
0.973751
0.973161
0.974375
0.978961
0.968533
0.959029
0.949914
0.974134
0.985872
0.980447
0.970678
0.960416
0.976432
0.966389
0.960453
0.966471
0.974652
0.986958
0.976261
0.964891
0.954496
0.959884
0.945653
0.951083
0.948765
0.961559
0.973442
0.970706
0.96121
0.954938
0.961592
0.990718
0.982245
0.972611
0.962018
0.962239
0.968657
0.965793
0.974732
0.971052
0.983315
0.97831
0.968179
0.956272
0.949244
0.978237
0.985208
0.97706
0.962303
0.952835
0.965744
0.929611
0.681127
0.964573
0.980839
0.982417
0.972048
0.962289
0.951091
0.9693
0.973029
0.980185
0.974139
0.965018
0.980538
0.969888
0.960443
0.95418
0.970766
0.989369
0.980105
0.970428
0.958576
0.96999
0.9671
0.961421
0.960253
0.958448
0.968347
0.622893
0.964316
0.954503
0.951404
0.981813
0.984164
0.97639
0.965543
0.970052
0.970985
0.961879
0.96099
0.968348
0.988953
0.982
0.972029
0.962062
0.952396
0.970516
0.974322

0.016673
0.969449
0.971582
0.961579
0.956126
0.945632
0.957691
0.96923
0.955975
0.950769
0.946511
0.941338
0.960915
0.930559
0.965416
0.959188
0.954563
0.967584
0.974507
0.968495
0.962402
0.956441
0.961516
0.976707
0.971701
0.965652
0.959483
0.95777
0.976527
0.975005
0.968944
0.962889
0.957936
0.972149
0.978148
0.97232
0.966364
0.960422
0.965785
0.980269
0.975804
0.969833
0.963501
0.962308
0.979464
0.979318
0.973315
0.966721
0.959127
0.972721
0.981048
0.961433
0.956657
0.953047
0.959956
0.977325
0.964492
0.959432
0.908114
0.647418
0.974139
0.983904
0.977907
0.971978
0.966532
0.974802
0.986811
0.981359
0.975401
0.969419
0.969853
0.987834
0.984767
0.978709
0.972688
0.968658
0.984863
0.987947
0.981931
0.975921
0.970238
0.978292
0.990296
0.985084
0.97901
0.972923
0.972988
0.990285
0.98812
0.981959
0.974899
0.971455
0.985931
0.990814
0.984799
0.977491
0.972433
0.976392
0.990624
0.980267
0.974759

0.0218108
0.998196
0.999327
0.999327
0.999327
0.999327
0.999327
0.999327
0.999327
0.999327
0.999327
0.999327
0.999327
0.999327
0.999327
0.999327
0.981627
0.728482
0.967933
0.587385
0.981625
0.991446
0.997355
0.999327
0.999327
0.999327
0.999327
0.999327
0.999327
0.999327
0.999327
0.999327
0.999327
0.999327
0.999327
0.999327
0.999327
0.999327
0.999327
0.999327
0.999327
0.999327
0.999327
0.999327
0.999327
0.999327
0.999327
0.999327
0.999327
0.999327
0.999327
0.999327
0.999327
0.999327
0.999327
0.999327
0.999327
0.999327
0.999327
0.999327
0.999327
0.999327
0.999327
0.999327
0.999327
0.999327
0.999327
0.999327
0.999327
0.999327
0.999327
0.999327
0.999327
0.999327
0.999327
0.999327
0.999327
0.999327
0.999327
0.999327
0.999327
0.999327
0.999327
0.999327
0.999327
0.999327
0.999327
0.999327
0.999327
0.999327
0.999327
0.999327
0.999327
0.999327
0.999327
0.999327
0.999327
0.999327
0.999327
0.999327
0.999327

