0.0313192
0.0162311
0.043755
0.016277
0.0047872
0.0101271
0.00835357
0.0231085
0.0355492
0.00882617
0.0280016
0.00853948
0.0287689
0.0415347
0.00601421
0.033475
0.0173205
0.0518577
0.0177673
0.01819
0.0104035
0.0220847
0.0151157
0.0425028
0.0781057
0.0579293
0.111588
0.0868964
0.065705
0.0539531
0.00137571
0.0450803
0.0126232
0.0311096
0.0838716
0.0604004
0.115211
0.0862854
0.0870663
0.133962
0.129095
0.17321
0.168237
0.151925
0.16733
0.148293
0.1393
0.143166
0.14378
0.136026
0.0958214
0.0969784
0.0573792
0.00275501
0.0206223
0.00173855
0.0288033
0.0377832
0.00817335
0.0112501
0.0556523
0.0244736
0.0187011
0.0341058
0.0119152
0.00216129
0.0246034
0.0196319
0.00363491
0.0472841
0.0711607
0.0662889
0.119423
0.104019
0.0713929
0.0962652
0.0870502
0.0736233
0.121242
0.116956
0.0638636
0.0332517
0.0235369
0.0866541
0.0765951
0.0849372
0.103631
0.0941895
0.12967
0.16831
0.185443
0.181431
0.161587
0.141742
0.116733
0.112846
0.12236
0.11748
0.135102
0.103519
0.0669665

0.0330257
0.0241114
0.0217065
0.0271836
0.00957626
0.151854
0.227565
0.285449
0.334782
0.350461
0.434488
0.48061
0.494365
0.525391
0.524893
0.546252
0.572576
0.605606
0.62145
0.625328
0.714045
0.728582
0.687758
0.692391
0.702006
0.740518
0.744332
0.699391
0.714107
0.711489
0.712616
0.703638
0.702956
0.743538
0.702636
0.683313
0.710696
0.705524
0.72821
0.742146
0.728824
0.69086
0.662611
0.712394
0.73341
0.743338
0.696462
0.648757
0.725016
0.734902
0.700192
0.697423
0.689897
0.702283
0.694184
0.696475
0.72684
0.721978
0.744092
0.716113
0.676376
0.704465
0.722811
0.760621
0.77474
0.687159
0.650463
0.681633
0.742162
0.752376
0.733198
0.750142
0.717217
0.712613
0.71345
0.690272
0.734222
0.713175
0.651071
0.648405
0.664303
0.683804
0.660458
0.658457
0.658784
0.672621
0.764649
0.76479
0.717467
0.691427
0.673464
0.753039
0.787779
0.733246
0.700622
0.697973
0.718267
0.679267
0.650415
0.677786
0.681458

0.0695306
0.10042
0.179409
0.291559
0.418141
0.572588
0.70776
0.790718
0.84249
0.870937
0.924568
0.915231
0.883591
0.924936
0.878622
0.935638
0.911357
0.89393
0.919866
0.869388
0.922663
0.905562
0.921477
0.905203
0.893065
0.901021
0.892794
0.924613
0.908581
0.90787
0.878085
0.92019
0.910084
0.895941
0.936842
0.886984
0.885014
0.907358
0.908205
0.910551
0.908981
0.904718
0.900331
0.877066
0.940258
0.910944
0.871783
0.929698
0.879309
0.903513
0.915019
0.928554
0.89253
0.888079
0.912333
0.891249
0.908173
0.913942
0.921102
0.847282
0.926897
0.922088
0.866776
0.937923
0.882438
0.896524
0.891426
0.9195
0.922225
0.872806
0.918982
0.891911
0.876459
0.929663
0.920164
0.868366
0.906258
0.900326
0.889361
0.900513
0.920077
0.901545
0.871439
0.899868
0.907826
0.90572
0.896874
0.925864
0.838564
0.908362
0.918841
0.871233
0.928838
0.861683
0.90628
0.826238
0.877808
0.886107
0.825631
0.849921
0.850304

0.0356175
0.0559281
0.0854683
0.039238
0.678107
0.830063
0.929709
0.927991
0.87351
0.91059
0.869195
0.900899
0.855018
0.894316
0.904987
0.860953
0.87097
0.865212
0.889464
0.850421
0.813892
0.77388
0.727609
0.701696
0.624713
0.623384
0.482285
0.296983
0.0374565
0.533666
0.870697
0.676191
0.706482
0.449121
0.0955633
0.256087
0.668334
0.745887
0.85919
0.895135
0.860235
0.873769
0.838317
0.871975
0.840099
0.826693
0.867862
0.898473
0.913828
0.870273
0.914836
0.907396
0.886276
0.913137
0.933857
0.937497
0.919518
0.894685
0.925002
0.881256
0.912702
0.921264
0.953049
0.946994
0.925385
0.938529
0.914014
0.915123
0.914085
0.923008
0.94618
0.916482
0.925578
0.91871
0.928098
0.941772
0.907787
0.946526
0.923315
0.930104
0.925923
0.93386
0.953726
0.903979
0.921347
0.920526
0.904031
0.912831
0.934366
0.971849
0.933809
0.92054
0.938895
0.912748
0.919487
0.901253
0.960755
0.948515
0.919665
0.928465
0.90652

0.0315021
0.083969
0.321119
0.71174
0.898359
0.895286
0.910094
0.940599
0.91093
0.90833
0.931169
0.919525
0.940323
0.963306
0.933421
0.934765
0.959315
0.93213
0.933199
0.951743
0.920496
0.942493
0.954818
0.921108
0.941204
0.952832
0.925438
0.923204
0.931182
0.907222
0.930626
0.93583
0.920523
0.922509
0.927059
0.916172
0.916816
0.937871
0.933772
0.94924
0.943745
0.942387
0.945898
0.936758
0.940488
0.941642
0.924577
0.928404
0.945442
0.919767
0.947938
0.943161
0.916388
0.929728
0.929368
0.892461
0.914738
0.939089
0.905635
0.926249
0.921671
0.889954
0.934699
0.941407
0.907377
0.940306
0.958448
0.919224
0.952489
0.940027
0.906431
0.942788
0.932702
0.895281
0.921878
0.943331
0.908104
0.930238
0.910692
0.875939
0.91564
0.89864
0.866539
0.906549
0.90367
0.855677
0.898616
0.835867
0.864476
0.865368
0.739492
0.596989
0.480826
0.249494
0.171323
0.954026
0.101192
0.537079
0.718363
0.803285
0.804473

0.0125162
0.0897121
0.631932
0.884616
0.913138
0.936145
0.943522
0.910788
0.922552
0.95164
0.927378
0.926172
0.961755
0.931532
0.936902
0.973508
0.948717
0.915903
0.948929
0.936972
0.901281
0.931385
0.936887
0.9015
0.912249
0.939653
0.930245
0.925668
0.963479
0.934987
0.92204
0.966231
0.942985
0.920243
0.957851
0.944508
0.904633
0.949218
0.949718
0.91367
0.916159
0.943422
0.908377
0.907305
0.948299
0.916866
0.904464
0.954108
0.936473
0.934765
0.967067
0.958951
0.92377
0.950652
0.951663
0.912487
0.925512
0.93973
0.903356
0.899945
0.954827
0.927767
0.916241
0.947262
0.934454
0.906801
0.951577
0.949826
0.921465
0.947365
0.95236
0.920495
0.952124
0.958398
0.918739
0.92155
0.939722
0.920432
0.902721
0.934429
0.926214
0.901196
0.928636
0.95298
0.925747
0.946857
0.95622
0.928817
0.944926
0.956703
0.928952
0.933586
0.94006
0.921631
0.906807
0.941968
0.934746
0.906429
0.928015
0.933434
0.90781

0.0372541
0.0680291
0.304395
0.805963
0.956355
0.970438
0.983795
0.970417
0.968002
0.98191
0.967367
0.966762
0.979893
0.962421
0.958613
0.991105
0.969309
0.971902
0.983975
0.965108
0.970439
0.982181
0.962447
0.968621
0.977738
0.952763
0.979432
0.985979
0.964539
0.974122
0.982663
0.962352
0.972991
0.980228
0.956334
0.967237
0.97969
0.968556
0.978628
0.981875
0.960372
0.97486
0.977476
0.959034
0.97361
0.973786
0.954118
0.985913
0.97466
0.96362
0.978485
0.969477
0.961836
0.977288
0.966745
0.954081
0.960583
0.905447
0.92302
0.760192
0.0718049
0.896106
0.791641
0.949913
0.950747
0.961836
0.956367
0.96168
0.972063
0.975939
0.971259
0.984699
0.967087
0.968353
0.98268
0.964332
0.966945
0.980323
0.959268
0.957063
0.99038
0.966907
0.972175
0.983777
0.963297
0.972557
0.981672
0.960921
0.970602
0.976392
0.958295
0.980847
0.984393
0.963958
0.976217
0.980875
0.96188
0.975067
0.978021
0.958949
0.969953

0.061013
0.227462
0.855215
0.950458
0.972876
0.942291
0.95544
0.940798
0.955781
0.970031
0.966968
0.961952
0.956194
0.945128
0.971101
0.953594
0.992058
0.957475
0.974971
0.947655
0.953058
0.96842
0.951868
0.981091
0.944398
0.960436
0.943094
0.951982
0.964859
0.965833
0.967306
0.960664
0.945105
0.964323
0.945297
0.981365
0.954953
0.962751
0.949844
0.931012
0.958621
0.938149
0.976738
0.941858
0.961333
0.939901
0.945662
0.954728
0.959115
0.964956
0.956298
0.945067
0.947511
0.936449
0.955173
0.949566
0.949558
0.946174
0.928752
0.950395
0.929714
0.970439
0.939726
0.961028
0.936138
0.940954
0.945616
0.943791
0.961701
0.937904
0.94521
0.927219
0.930708
0.941139
0.944997
0.948804
0.946729
0.929063
0.948212
0.912072
0.96957
0.937183
0.96661
0.942824
0.932376
0.947995
0.921936
0.973366
0.943918
0.964834
0.943078
0.946612
0.952544
0.962547
0.972249
0.969698
0.951153
0.96939
0.936915
0.976458
0.959073

0.0730139
0.370261
0.981431
0.96268
0.982273
0.962091
0.982333
0.962565
0.97207
0.950302
0.969227
0.934181
0.714814
0.0530828
0.974095
0.0694037
0.828423
0.884857
0.956805
0.973466
0.965418
0.980453
0.970108
0.983545
0.97117
0.984357
0.972273
0.985224
0.973333
0.986151
0.974323
0.987133
0.975241
0.988135
0.976094
0.989058
0.976893
0.989649
0.977648
0.989374
0.978371
0.987365
0.979071
0.981025
0.979757
0.97565
0.980439
0.971412
0.981125
0.969414
0.981824
0.969156
0.982545
0.96981
0.983299
0.970824
0.984095
0.971927
0.984944
0.973005
0.985852
0.974018
0.986818
0.974958
0.987821
0.975831
0.988786
0.976646
0.989523
0.977414
0.989602
0.978146
0.988243
0.978852
0.984619
0.979541
0.979093
0.980224
0.973815
0.980907
0.969815
0.981601
0.969104
0.982314
0.969545
0.983057
0.970485
0.983839
0.971578
0.98467
0.972671
0.985559
0.973706
0.986507
0.974669
0.987503
0.975562
0.988494
0.976394
0.989335
0.977176

6.03532e-05
0.315666
0.947537
0.972756
0.962908
0.968701
0.975261
0.959972
0.988869
0.972453
0.954197
0.983783
0.967392
0.973964
0.979985
0.979988
0.971184
0.956389
0.979967
0.966704
0.970659
0.976243
0.964486
0.967005
0.972338
0.97924
0.964863
0.991097
0.974191
0.958342
0.985566
0.969834
0.97839
0.965863
0.971051
0.973105
0.954946
0.982581
0.968795
0.974718
0.978968
0.96191
0.970389
0.976376
0.981678
0.967446
0.984156
0.976013
0.961052
0.972363
0.972202
0.980895
0.9621
0.967077
0.974954
0.959133
0.985903
0.970704
0.974978
0.982317
0.963561
0.973201
0.977166
0.984221
0.969573
0.957535
0.978036
0.962614
0.968043
0.973231
0.98069
0.965774
0.96892
0.976841
0.960868
0.990001
0.970848
0.96742
0.981811
0.966117
0.975764
0.957695
0.985886
0.969528
0.951456
0.978641
0.959784
0.969456
0.970781
0.97076
0.960542
0.968366
0.971018
0.958071
0.982772
0.96716
0.956915
0.942949
0.954931
0.960096
0.940981

0.00820063
0.18736
0.928385
0.993941
0.994319
0.994332
0.994333
0.994333
0.994333
0.994333
0.994333
0.994333
0.994333
0.994333
0.994333
0.994333
0.994333
0.994333
0.994333
0.994333
0.994333
0.994333
0.994333
0.994333
0.994333
0.994333
0.994333
0.994333
0.994333
0.994333
0.994333
0.994333
0.994333
0.994333
0.994333
0.994333
0.994333
0.994333
0.994333
0.994333
0.994333
0.994333
0.994333
0.994333
0.994333
0.994333
0.994333
0.994333
0.994333
0.994333
0.994333
0.994333
0.994333
0.994333
0.994333
0.994333
0.994333
0.994333
0.994333
0.994333
0.994333
0.992434
0.992434
0.992434
0.992434
0.992434
0.992434
0.992434
0.992434
0.992434
0.992434
0.992434
0.97691
0.924879
0.871828
0.766791
0.992307
0.633033
0.962843
0.992307
0.994333
0.994333
0.994333
0.994333
0.994333
0.994333
0.994333
0.994333
0.994333
0.994333
0.994333
0.994333
0.994333
0.994333
0.994333
0.994333
0.994333
0.994333
0.994333
0.994333
0.994333

0.052626
0.916898
0.964571
0.992903
0.975201
0.962032
0.983722
0.977122
0.977101
0.970649
0.964697
0.997798
0.967039
0.969187
0.974321
0.979985
0.988466
0.961196
0.968642
0.993833
0.959587
0.966743
0.921818
0.837328
0.478281
0.763767
0.727838
0.93847
0.977686
0.973312
0.951355
0.994619
0.977423
0.971003
0.977346
0.977027
0.988473
0.971503
0.962652
0.996766
0.973005
0.97935
0.965993
0.979584
0.993947
0.965366
0.970598
0.986968
0.977051
0.985743
0.958096
0.98421
0.990982
0.968177
0.977486
0.973995
0.984822
0.984934
0.959188
0.987749
0.979542
0.975652
0.978442
0.968366
0.992797
0.975334
0.966137
0.986407
0.976384
0.983898
0.969957
0.969782
0.997269
0.968658
0.974573
0.975479
0.98106
0.989542
0.96092
0.974051
0.992502
0.972387
0.981243
0.96219
0.9886
0.98706
0.963419
0.978234
0.981724
0.98014
0.980937
0.959837
0.995543
0.977003
0.970817
0.977729
0.977654
0.988279
0.971576
0.964249
0.997683

0.0141518
0.030425
0.321154
0.938483
0.972197
0.970574
0.966412
0.97868
0.974258
0.972605
0.969918
0.983884
0.976456
0.974603
0.972588
0.965636
0.978956
0.976603
0.974892
0.969425
0.982102
0.978641
0.97701
0.973754
0.986784
0.980754
0.979013
0.976723
0.983055
0.983019
0.980927
0.979077
0.971228
0.985634
0.982765
0.981075
0.975812
0.989164
0.984542
0.981283
0.978778
0.993842
0.986291
0.982755
0.980799
0.974681
0.986393
0.983961
0.982211
0.977233
0.9885
0.98486
0.977729
0.974848
0.991814
0.979895
0.978046
0.975827
0.984162
0.980122
0.968535
0.966724
0.961857
0.970763
0.917208
0.368897
0.372578
0.473615
0.932814
0.971749
0.974585
0.98749
0.981285
0.978615
0.975912
0.966847
0.979722
0.97643
0.973967
0.967967
0.978807
0.974255
0.971853
0.967979
0.979767
0.972396
0.969899
0.96699
0.966383
0.971144
0.968326
0.965908
0.958161
0.970863
0.967275
0.965094
0.960614
0.972269
0.966832
0.964695
0.961664

0.0265975
0.734108
0.984868
0.983064
0.981119
0.979123
0.977518
0.978291
0.984043
0.992905
0.997474
0.997367
0.99564
0.993661
0.99177
0.989999
0.988305
0.986629
0.984911
0.981867
0.980147
0.978465
0.977319
0.978243
0.983904
0.992778
0.997446
0.997388
0.995672
0.993693
0.989989
0.988299
0.986697
0.98513
0.983543
0.981895
0.980175
0.978491
0.977327
0.967554
0.857099
0.420967
6.20738e-05
0.989545
0.993714
0.991687
0.989728
0.990056
0.98836
0.986685
0.984969
0.983157
0.981219
0.979219
0.977572
0.9777
0.982351
0.992519
0.997386
0.99743
0.995737
0.993758
0.991861
0.990085
0.988388
0.986713
0.984998
0.983188
0.981252
0.979251
0.977591
0.977669
0.983495
0.992387
0.997354
0.99745
0.995769
0.993791
0.991891
0.990113
0.988416
0.98674
0.985027
0.983219
0.981285
0.978569
0.977356
0.978063
0.98336
0.992255
0.99732
0.997469
0.995801
0.993823
0.991922
0.990142
0.986802
0.985234
0.98365
0.982007
0.980291

0.0640391
0.912153
0.976379
0.993161
0.97061
0.985778
0.972217
0.982495
0.977294
0.978623
0.978551
0.936381
0.961452
0.864689
0.47961
0.866908
0.899287
0.93517
0.972697
0.973374
0.984012
0.979011
0.979327
0.984686
0.974985
0.993133
0.971733
0.992135
0.97068
0.988831
0.972973
0.986643
0.983911
0.982238
0.99194
0.978242
0.995003
0.975393
0.994303
0.974756
0.991217
0.977437
0.987056
0.983279
0.982643
0.991448
0.978582
0.99489
0.975586
0.994495
0.974688
0.991569
0.97703
0.987468
0.984174
0.983052
0.990925
0.978931
0.994742
0.975796
0.994664
0.97465
0.991911
0.976655
0.987877
0.983508
0.983463
0.990375
0.979289
0.994558
0.976024
0.99481
0.97464
0.992242
0.977091
0.988282
0.98285
0.983876
0.989798
0.979654
0.994337
0.976269
0.994931
0.974657
0.992561
0.976713
0.988684
0.982205
0.984291
0.989198
0.980027
0.994079
0.976529
0.995026
0.974628
0.992867
0.976366
0.989082
0.981575
0.984707
0.988578

0.0780932
0.903236
0.992475
0.978491
0.993226
0.978408
0.993985
0.978601
0.994753
0.979492
0.995524
0.980153
0.996287
0.980874
0.997028
0.981627
0.997716
0.982393
0.99831
0.98316
0.998742
0.983922
0.998916
0.984677
0.998708
0.985421
0.997971
0.986156
0.996574
0.986883
0.994469
0.987604
0.991756
0.988321
0.988708
0.989036
0.985698
0.989752
0.983068
0.990471
0.981023
0.991196
0.979617
0.991929
0.978792
0.992671
0.978437
0.993423
0.978625
0.994185
0.979067
0.994954
0.979657
0.995725
0.980337
0.996484
0.981068
0.997214
0.981826
0.997883
0.982593
0.998442
0.98336
0.998817
0.984121
0.998905
0.984872
0.998572
0.985614
0.997673
0.986347
0.996091
0.987072
0.99381
0.987792
0.990977
0.988508
0.987902
0.989223
0.984962
0.98994
0.982472
0.99066
0.980595
0.991387
0.979349
0.992122
0.978452
0.992867
0.978438
0.993622
0.978722
0.994386
0.97921
0.995156
0.979828
0.995925
0.980524
0.996679
0.981265
0.997397

0.0609608
0.980566
0.987347
0.984623
0.991559
0.98358
0.994372
0.98252
0.995621
0.981439
0.995708
0.980333
0.995112
0.979208
0.994174
0.978082
0.993092
0.976999
0.991965
0.976047
0.990842
0.975384
0.989739
0.975456
0.988662
0.976689
0.987607
0.979281
0.986567
0.983249
0.985534
0.987893
0.9845
0.991976
0.983455
0.994597
0.982393
0.995682
0.981309
0.995665
0.9802
0.995014
0.979074
0.994051
0.97795
0.992959
0.976877
0.991831
0.975949
0.99071
0.975336
0.989611
0.975321
0.988536
0.976296
0.987483
0.978635
0.986444
0.982349
0.985412
0.98671
0.984377
0.984719
0.980903
0.987027
0.973375
0.987932
0.961789
0.947022
0.906615
0.423919
0.958835
0.9241
0.963755
0.990887
0.976121
0.989793
0.975465
0.988713
0.975205
0.987662
0.975643
0.98664
0.977171
0.985642
0.98011
0.984664
0.984331
0.983696
0.988957
0.982731
0.992745
0.981763
0.994981
0.980786
0.995759
0.979799
0.995554
0.978805
0.994805
0.977819

0.019762
0.833392
0.997268
0.997269
0.997269
0.997269
0.997269
0.997269
0.997269
0.997269
0.997269
0.997269
0.997269
0.997269
0.997269
0.997269
0.997269
0.997269
0.997269
0.997269
0.997269
0.997269
0.997269
0.997269
0.997269
0.997269
0.997269
0.997269
0.997269
0.997269
0.997269
0.997269
0.997269
0.997269
0.997269
0.997269
0.997269
0.997269
0.997269
0.997269
0.997269
0.995328
0.995328
0.995328
0.989458
0.989458
0.927393
0.989352
0.995275
0.997269
0.997269
0.997269
0.997269
0.997269
0.997269
0.997269
0.997269
0.997269
0.997269
0.997269
0.997269
0.997269
0.997269
0.997269
0.997269
0.997269
0.997269
0.997269
0.997269
0.997269
0.997269
0.997269
0.997269
0.997269
0.997269
0.997269
0.997269
0.997269
0.997269
0.997269
0.997269
0.997269
0.997269
0.997269
0.997269
0.997269
0.997269
0.997269
0.997269
0.997269
0.997269
0.997269
0.997269
0.997269
0.997269
0.997269
0.997269
0.997269
0.997269
0.997269
0.997269

0.0260257
0.98166
0.973
0.977233
0.984196
0.96888
0.975021
0.980304
0.964545
0.966709
0.974906
0.968875
0.968107
0.971244
0.978187
0.94398
0.931209
0.962443
0.962024
0.973198
0.977127
0.962412
0.975451
0.978432
0.985398
0.970764
0.975947
0.982309
0.966957
0.973758
0.978103
0.962082
0.977181
0.978899
0.984733
0.971205
0.976212
0.982917
0.967097
0.967975
0.977359
0.959278
0.979173
0.963279
0.978339
0.928682
0.311764
0.980306
0.967376
0.974062
0.978708
0.962341
0.965488
0.979282
0.985915
0.970699
0.975981
0.982138
0.966783
0.973911
0.97848
0.964415
0.964789
0.980018
0.986088
0.970812
0.976059
0.982238
0.962301
0.967913
0.972064
0.96166
0.95463
0.965511
0.969062
0.843572
0.973875
0.98315
0.967882
0.974413
0.979324
0.963224
0.970009
0.985163
0.98138
0.972351
0.976975
0.984367
0.969044
0.974921
0.980288
0.964296
0.971323
0.981111
0.976464
0.972949
0.977384
0.98349
0.964449
0.969038
0.979631

0.0916529
0.991797
0.998694
0.998694
0.998694
0.998694
0.998694
0.998694
0.998694
0.998694
0.998694
0.998694
0.998694
0.998694
0.998694
0.998694
0.998694
0.998694
0.998694
0.998694
0.998694
0.998694
0.998694
0.998694
0.998694
0.998694
0.998694
0.998694
0.998694
0.998694
0.998694
0.998694
0.998694
0.998694
0.998694
0.998694
0.998694
0.998694
0.998694
0.998694
0.998694
0.998694
0.998694
0.998694
0.998694
0.998694
0.998694
0.998694
0.998694
0.998694
0.998694
0.998694
0.998694
0.998694
0.998694
0.998694
0.998694
0.996725
0.981009
0.967324
0.425244
0.903655
0.981
0.990816
0.998694
0.998694
0.998694
0.998694
0.998694
0.998694
0.998694
0.998694
0.998694
0.998694
0.998694
0.998694
0.998694
0.998694
0.998694
0.998694
0.998694
0.998694
0.998694
0.998694
0.998694
0.998694
0.998694
0.998694
0.998694
0.998694
0.998694
0.998694
0.998694
0.998694
0.998694
0.998694
0.998694
0.998694
0.998694
0.998694
0.998694

0.0174646
0.97486
0.998577
0.998577
0.998577
0.998577
0.998577
0.998577
0.998577
0.998577
0.998577
0.998577
0.998577
0.998577
0.998577
0.998577
0.998577
0.998577
0.998577
0.998577
0.998577
0.998577
0.998577
0.998577
0.998577
0.998577
0.998577
0.998577
0.998577
0.998577
0.998577
0.998577
0.998577
0.998577
0.998577
0.998577
0.998577
0.998577
0.998577
0.998577
0.998577
0.998577
0.998577
0.998577
0.998577
0.998577
0.998577
0.998577
0.998577
0.998577
0.998577
0.998577
0.998577
0.998577
0.998577
0.998577
0.998577
0.998577
0.998577
0.998577
0.998577
0.998577
0.998577
0.998577
0.998577
0.998577
0.998577
0.998577
0.998577
0.998577
0.998577
0.998577
0.998577
0.998577
0.998577
0.998577
0.998577
0.998577
0.998577
0.998577
0.998577
0.998577
0.998577
0.998577
0.998577
0.998577
0.998577
0.998577
0.998577
0.998577
0.998577
0.998577
0.998577
0.998577
0.998577
0.998577
0.998577
0.998577
0.998577
0.998577
0.998577

