0.0523072
0.0472985
0.0334444
0.0236725
0.0466588
0.0194156
0.0263925
0.0146998
0.0277897
0.060565
0.0081161
0.0041263
0.0484236
0.0159834
0.0365832
0.0297645
0.0474548
0.0191275
0.0850719
0.0215606
0.0326384
0.00590667
0.0285909
0.035462
0.00116669
0.00846545
0.0867024
0.0124586
0.029585
0.0126612
0.00534153
0.0141539
0.00778741
0.100292
0.0303139
0.0942774
0.0886726
0.0721686
0.0665473
0.0491574
0.185134
0.1541
0.105044
0.0785302
0.106153
0.0819961
0.026482
0.0173169
0.0122946
0.0753668
0.0831436
0.0954356
0.0343762
0.0956609
0.138293
0.100644
0.0931499
0.038731
0.0694034
0.0612072
0.0714732
0.0322919
0.0160254
0.000277319
0.0560789
0.000495214
0.153092
0.0364019
0.0575881
0.0533531
0.140237
0.15831
0.1415
0.145901
0.205173
0.117007
0.110455
0.144918
0.15928
0.129183
0.0328969
0.082994
0.114231
0.0806148
0.0227206
0.0158751
0.0160098
0.0173585
0.0180434
0.045903
0.0582564
0.0658194
0.0790163
0.0686818
0.093801
0.0947514
0.027382
0.0343588
0.0214142
0.0579017
0.0398416

0.0480323
0.0875934
0.0793991
0.0923838
0.0635296
0.0708692
0.106371
0.125775
0.130491
0.101563
0.142533
0.122326
0.110919
0.104942
0.139005
0.152526
0.13375
0.213136
0.233527
0.349856
0.415645
0.530301
0.55145
0.631134
0.754094
0.790835
0.751804
0.683682
0.743483
0.788037
0.771423
0.746054
0.65485
0.709249
0.719018
0.801708
0.742643
0.764273
0.776123
0.859473
0.837272
0.80429
0.759402
0.804175
0.811045
0.77554
0.729377
0.765477
0.769255
0.83289
0.785535
0.770819
0.669043
0.756199
0.795462
0.798116
0.776359
0.758761
0.817092
0.818852
0.806843
0.797561
0.776456
0.777841
0.7506
0.807146
0.792013
0.788727
0.740775
0.742715
0.781588
0.733715
0.781643
0.762762
0.775608
0.748892
0.822414
0.805262
0.780753
0.721298
0.773757
0.815124
0.822658
0.776603
0.771347
0.727418
0.795663
0.785931
0.820135
0.738877
0.759372
0.754175
0.822308
0.792033
0.773878
0.781307
0.721554
0.717268
0.741733
0.79098
0.805373

0.013671
0.0359181
0.0924934
0.151602
0.259746
0.468375
0.632623
0.758332
0.84318
0.899241
0.895021
0.863724
0.85966
0.868896
0.876831
0.886438
0.895083
0.887059
0.878955
0.874557
0.881876
0.881212
0.88934
0.900556
0.891505
0.870297
0.870796
0.878128
0.86965
0.878986
0.901268
0.893028
0.873263
0.878982
0.883957
0.88026
0.89483
0.908663
0.895202
0.883181
0.893507
0.890895
0.864415
0.856825
0.858924
0.858071
0.827958
0.827178
0.841205
0.835816
0.867241
0.818877
0.756558
0.675645
0.654907
0.682849
0.610931
0.511863
0.561307
0.514565
0.427591
0.293959
0.00241048
0.4264
0.899789
0.645688
0.0558811
0.506746
0.722576
0.757559
0.822017
0.867386
0.890426
0.883069
0.887314
0.871295
0.84371
0.842182
0.865461
0.894514
0.869596
0.880749
0.904528
0.888404
0.869642
0.883014
0.880571
0.854554
0.847286
0.875274
0.879208
0.887059
0.891133
0.905514
0.884944
0.885479
0.895951
0.884968
0.876017
0.895292
0.906151

0.0397556
0.131463
0.213199
0.396396
0.657513
0.89335
0.920111
0.922079
0.921375
0.946402
0.918808
0.935088
0.907848
0.929245
0.949942
0.922677
0.924169
0.926734
0.943102
0.914434
0.9321
0.907189
0.939815
0.949146
0.918717
0.932081
0.916648
0.93997
0.911164
0.928197
0.919164
0.953794
0.945707
0.917218
0.917727
0.90836
0.943393
0.92717
0.942548
0.921986
0.916589
0.940398
0.936588
0.939631
0.90352
0.92966
0.899388
0.948582
0.942565
0.930576
0.941488
0.911757
0.907307
0.905887
0.950113
0.945243
0.944642
0.917073
0.895115
0.949319
0.937523
0.935176
0.896204
0.922822
0.914381
0.957501
0.940613
0.923045
0.931041
0.901869
0.910617
0.91402
0.95186
0.941183
0.938871
0.89242
0.904581
0.943086
0.930797
0.927338
0.902632
0.914491
0.927265
0.953993
0.93128
0.915131
0.904431
0.896854
0.944793
0.931697
0.938353
0.924378
0.931284
0.89808
0.914134
0.917311
0.930811
0.946981
0.896744
0.920117
0.918589

0.10231
0.222344
0.453421
0.761943
0.901028
0.944656
0.937926
0.936265
0.948321
0.933926
0.94688
0.95114
0.937467
0.937823
0.954885
0.929493
0.956144
0.927033
0.949758
0.948315
0.935003
0.965833
0.918365
0.953696
0.941115
0.937097
0.944371
0.936942
0.947722
0.945779
0.948327
0.947171
0.941047
0.934511
0.96145
0.918816
0.952586
0.938922
0.933708
0.96146
0.932144
0.957212
0.928609
0.95089
0.945816
0.934486
0.948094
0.941444
0.941416
0.948719
0.947584
0.930835
0.949288
0.932648
0.953245
0.928469
0.949891
0.95113
0.932873
0.964664
0.928296
0.948355
0.936628
0.9482
0.93555
0.934374
0.953534
0.936679
0.948375
0.948604
0.941323
0.933182
0.955965
0.932779
0.948289
0.93536
0.947477
0.948108
0.931761
0.965629
0.913708
0.951395
0.943646
0.937912
0.949541
0.934702
0.954965
0.94076
0.947883
0.946448
0.931598
0.934001
0.960234
0.920621
0.950316
0.946624
0.934584
0.96309
0.929719
0.959793
0.925549

0.0328762
0.163541
0.511594
0.844055
0.97975
0.972922
0.982576
0.97489
0.976097
0.97657
0.969268
0.978247
0.965396
0.979955
0.96545
0.981705
0.966846
0.983454
0.968655
0.985012
0.970515
0.985812
0.972316
0.98456
0.974047
0.979705
0.975733
0.972423
0.977404
0.966373
0.979094
0.965166
0.980824
0.966054
0.982584
0.967728
0.984278
0.969587
0.985566
0.971422
0.985556
0.973187
0.982627
0.974892
0.974535
0.976566
0.968282
0.978243
0.965399
0.979951
0.961884
0.979721
0.963691
0.975704
0.959129
0.967655
0.951161
0.968456
0.939566
0.891154
0.850329
0.75664
0.748653
0.579278
0.419303
0.857028
0.52649
0.683025
0.912361
0.953217
0.974866
0.962251
0.976472
0.963585
0.983583
0.965023
0.983579
0.966476
0.98062
0.967927
0.973867
0.969387
0.969295
0.976486
0.965725
0.978117
0.965199
0.981696
0.966173
0.983446
0.967679
0.985006
0.969314
0.985811
0.970943
0.984574
0.972538
0.979739
0.975725
0.972458
0.977396

0.022797
0.00252368
0.622828
0.93274
0.968095
0.966652
0.934458
0.944555
0.968489
0.956447
0.959622
0.937574
0.962147
0.963733
0.940947
0.960662
0.968276
0.94359
0.946981
0.960225
0.969953
0.966382
0.933406
0.958966
0.966936
0.949716
0.956858
0.96793
0.962086
0.960628
0.932876
0.974238
0.981453
0.943136
0.955364
0.972737
0.948491
0.965484
0.956654
0.966536
0.969519
0.934006
0.968824
0.986602
0.95001
0.954608
0.965672
0.953707
0.975741
0.949958
0.963679
0.97928
0.940297
0.941931
0.986109
0.961516
0.959977
0.955797
0.958938
0.970976
0.951416
0.956323
0.982463
0.952107
0.946641
0.97661
0.967581
0.968274
0.947944
0.954822
0.972368
0.95878
0.953829
0.977829
0.959001
0.955342
0.947818
0.96874
0.979003
0.949416
0.948139
0.976435
0.949019
0.95928
0.968611
0.962151
0.966954
0.949327
0.958879
0.985583
0.959078
0.947524
0.971025
0.953018
0.969766
0.964216
0.958151
0.97528
0.954332
0.935035
0.986842

0.0503041
0.00256231
0.909159
0.993445
0.994315
0.994315
0.994315
0.994315
0.994315
0.994315
0.994315
0.994315
0.994315
0.994315
0.994315
0.994315
0.994315
0.994315
0.994315
0.994315
0.994315
0.994315
0.994315
0.994315
0.994315
0.994315
0.994315
0.994315
0.994315
0.994315
0.994315
0.994315
0.994315
0.994315
0.994315
0.994315
0.994315
0.994315
0.994315
0.994315
0.994315
0.994315
0.994315
0.994315
0.994315
0.994315
0.994315
0.994315
0.994315
0.994315
0.994315
0.994315
0.994315
0.994315
0.994315
0.994315
0.994315
0.994315
0.994315
0.994315
0.994315
0.994315
0.994315
0.994315
0.994315
0.994315
0.994315
0.994315
0.994315
0.994315
0.994315
0.994315
0.994315
0.994315
0.994315
0.994315
0.994315
0.994315
0.994315
0.994315
0.994315
0.994315
0.994315
0.994315
0.994315
0.994315
0.994315
0.994315
0.994315
0.994315
0.994315
0.994315
0.994315
0.994315
0.994315
0.994315
0.994315
0.994315
0.994315
0.994315
0.994315

0.0888963
0.327538
0.585436
0.935779
0.968602
0.986361
0.986355
0.986355
0.986355
0.986355
0.986355
0.986355
0.986355
0.986355
0.986355
0.986355
0.986355
0.986355
0.986355
0.986355
0.986355
0.986355
0.986355
0.986355
0.986355
0.986355
0.986355
0.986355
0.986355
0.986355
0.986355
0.986355
0.986355
0.986355
0.986355
0.986355
0.986355
0.986355
0.986355
0.986355
0.986355
0.986355
0.986355
0.986355
0.986355
0.98452
0.98452
0.98452
0.969217
0.938628
0.917744
0.630096
0.863493
0.93753
0.968551
0.978354
0.986355
0.986355
0.986355
0.986355
0.986355
0.986355
0.986355
0.986355
0.986355
0.986355
0.986355
0.986355
0.986355
0.986355
0.986355
0.986355
0.986355
0.986355
0.986355
0.986355
0.986355
0.986355
0.986355
0.986355
0.986355
0.986355
0.986355
0.986355
0.986355
0.986355
0.986355
0.986355
0.986355
0.986355
0.986355
0.986355
0.986355
0.986355
0.986355
0.986355
0.98452
0.98452
0.98452
0.969217
0.938628

0.0887852
0.194837
0.926415
0.955439
0.956765
0.951921
0.944408
0.960413
0.955539
0.96808
0.973432
0.946446
0.947718
0.923358
0.931892
0.947991
0.927675
0.939823
0.920696
0.888507
0.891059
0.762855
0.772788
0.732588
0.247418
0.365314
0.972293
0.979168
0.968208
0.0324325
0.160933
0.767697
0.789384
0.763606
0.927847
0.936203
0.94826
0.942405
0.949719
0.945291
0.971686
0.959947
0.980306
0.9879
0.961637
0.964737
0.952648
0.95847
0.974874
0.961043
0.983351
0.980821
0.96987
0.972061
0.952279
0.966538
0.982206
0.972111
0.988624
0.97242
0.973971
0.976328
0.956292
0.969183
0.963264
0.975138
0.992156
0.974383
0.977859
0.968357
0.960166
0.972333
0.959428
0.977653
0.992538
0.978702
0.982045
0.957345
0.963438
0.975196
0.963255
0.980229
0.974843
0.982247
0.986705
0.961348
0.966659
0.960395
0.966367
0.983319
0.973571
0.985427
0.985223
0.96606
0.970348
0.952856
0.968909
0.984937
0.977077
0.988758
0.969444

0.0373139
0.597473
0.964474
0.974011
0.989941
0.963095
0.979946
0.984276
0.97404
0.97263
0.978067
0.989282
0.965744
0.978452
0.988329
0.960051
0.989445
0.984798
0.958805
0.985059
0.980819
0.976085
0.975384
0.977636
0.983558
0.966171
0.985369
0.98121
0.958392
0.997642
0.977907
0.958515
0.992059
0.974677
0.976536
0.982697
0.974437
0.978117
0.972833
0.990211
0.974406
0.961422
0.99782
0.970713
0.963946
0.993238
0.967658
0.978401
0.986243
0.970861
0.974806
0.97811
0.989771
0.969259
0.971808
0.993481
0.964454
0.980925
0.989861
0.961256
0.984286
0.985085
0.970607
0.975326
0.979612
0.986463
0.967357
0.978504
0.986946
0.960609
0.992323
0.98372
0.957151
0.990977
0.980146
0.971335
0.981433
0.976896
0.981802
0.971532
0.983537
0.979909
0.962844
0.997786
0.976546
0.960475
0.994996
0.973327
0.974096
0.98675
0.971972
0.977708
0.977295
0.985324
0.973717
0.968192
0.996897
0.969631
0.968542
0.994068
0.966173

0.132018
0.930385
0.990964
0.993133
0.994044
0.989375
0.979042
0.973615
0.974581
0.976923
0.979321
0.981553
0.983661
0.985741
0.987892
0.990189
0.992547
0.994112
0.991494
0.981771
0.97405
0.974071
0.976252
0.978679
0.980957
0.98309
0.985168
0.98729
0.989544
0.991917
0.993887
0.99295
0.984766
0.975715
0.973702
0.975592
0.978025
0.98035
0.982516
0.984599
0.986699
0.988911
0.991267
0.99347
0.993783
0.987682
0.977535
0.9736
0.974962
0.977359
0.979731
0.981935
0.98403
0.986116
0.98829
0.990613
0.992934
0.994108
0.990189
0.979948
0.974002
0.97439
0.976688
0.979098
0.981346
0.983462
0.98554
0.98768
0.989962
0.99233
0.994061
0.992079
0.982805
0.974861
0.973638
0.976019
0.978452
0.980746
0.98289
0.984968
0.987082
0.989321
0.991691
0.993759
0.993307
0.985814
0.976281
0.973529
0.975367
0.977793
0.980135
0.982313
0.9844
0.986494
0.988692
0.991038
0.993293
0.993947
0.98862
0.978316
0.973696

0.0196464
0.204281
0.932043
0.954849
0.984516
0.976969
0.973054
0.970177
0.956695
0.983062
0.983688
0.958865
0.972536
0.964474
0.974038
0.990342
0.956372
0.962731
0.967994
0.959642
0.971305
0.924268
0.918045
0.935179
0.889953
0.620496
0.956666
0.833466
0.954962
0.975118
0.948042
0.968553
0.963047
0.970404
0.988855
0.958613
0.96448
0.973013
0.971462
0.988789
0.961722
0.95532
0.981973
0.975324
0.977926
0.967094
0.954455
0.987233
0.981734
0.961855
0.971979
0.961649
0.980233
0.98713
0.957162
0.970942
0.97344
0.972152
0.988406
0.9597
0.96218
0.982854
0.974158
0.980084
0.965237
0.957685
0.988242
0.979895
0.964668
0.971277
0.962856
0.98349
0.985238
0.956862
0.97309
0.972062
0.9743
0.987468
0.958038
0.965482
0.981748
0.972905
0.981701
0.963471
0.958366
0.988594
0.976892
0.964846
0.970134
0.960941
0.986441
0.983233
0.953933
0.973996
0.969062
0.97654
0.986093
0.953244
0.968798
0.978568
0.972613

0.0860845
0.944389
0.98925
0.988928
0.975592
0.995915
0.980319
0.983586
0.991888
0.975661
0.994752
0.983149
0.978753
0.99435
0.977109
0.991068
0.986119
0.97602
0.995789
0.979386
0.985603
0.989037
0.975446
0.993487
0.976818
0.977528
0.899268
0.726302
0.125173
0.118793
0.916086
0.987572
0.970004
0.980336
0.989816
0.975421
0.995824
0.982446
0.980708
0.992672
0.976453
0.993939
0.985573
0.976947
0.994902
0.978604
0.989595
0.988726
0.975445
0.99591
0.981376
0.982478
0.991707
0.975927
0.994903
0.984451
0.978036
0.994214
0.977747
0.991377
0.987615
0.975722
0.995741
0.980344
0.985977
0.990684
0.975569
0.995539
0.98334
0.98057
0.993404
0.976987
0.992909
0.986493
0.976885
0.995354
0.979361
0.988006
0.989619
0.975454
0.99586
0.982248
0.98236
0.9925
0.975889
0.99414
0.985367
0.977936
0.994787
0.977565
0.989936
0.988524
0.975718
0.995897
0.979972
0.984316
0.991523
0.975561
0.995044
0.982769
0.979276

0.0186888
0.912841
0.996353
0.996323
0.996323
0.996323
0.996323
0.996323
0.996323
0.996323
0.996323
0.996323
0.996323
0.996323
0.996323
0.996323
0.996323
0.996323
0.996323
0.996323
0.996323
0.996323
0.996323
0.996323
0.996323
0.996323
0.996323
0.996323
0.996323
0.996323
0.996323
0.996323
0.996323
0.996323
0.996323
0.996323
0.996323
0.996323
0.996323
0.996323
0.996323
0.996323
0.996323
0.996323
0.996323
0.996323
0.996323
0.996323
0.996323
0.996323
0.996323
0.996323
0.996323
0.996323
0.996323
0.996323
0.996323
0.996323
0.996323
0.996323
0.994384
0.994384
0.994384
0.994384
0.978756
0.965128
0.926515
0.725996
0.767408
0.99433
0.996323
0.996323
0.996323
0.996323
0.996323
0.996323
0.996323
0.996323
0.996323
0.996323
0.996323
0.996323
0.996323
0.996323
0.996323
0.996323
0.996323
0.996323
0.996323
0.996323
0.996323
0.996323
0.996323
0.996323
0.996323
0.996323
0.996323
0.996323
0.996323
0.996323
0.996323

0.119904
0.979944
0.99549
0.99549
0.99549
0.99549
0.99549
0.99549
0.99549
0.99549
0.99549
0.99549
0.99549
0.99549
0.99549
0.99549
0.99549
0.99549
0.99549
0.99549
0.99549
0.99549
0.99549
0.99549
0.99549
0.99549
0.99549
0.99549
0.99549
0.99549
0.99549
0.99549
0.99549
0.99549
0.99549
0.99549
0.99549
0.99549
0.99549
0.99549
0.99549
0.99549
0.99549
0.99549
0.99549
0.99549
0.99549
0.99549
0.99549
0.99549
0.99549
0.99549
0.99549
0.99549
0.99549
0.99549
0.99549
0.99549
0.99549
0.99549
0.99549
0.99549
0.99549
0.99549
0.99549
0.99549
0.99549
0.99549
0.99549
0.99549
0.99549
0.99549
0.99549
0.99549
0.99549
0.99549
0.99549
0.99549
0.99549
0.99549
0.993521
0.993521
0.993521
0.993521
0.987631
0.977843
0.977843
0.977843
0.964196
0.964196
0.946744
0.925555
0.925555
0.585074
0.99353
0.84048
0.585195
0.964233
0.98765
0.98765
0.98765

0.152515
0.958797
0.978963
0.983796
0.989371
0.974516
0.978724
0.98363
0.98908
0.975711
0.978482
0.983464
0.988798
0.978503
0.978233
0.983299
0.988525
0.980442
0.977975
0.983134
0.988262
0.982544
0.977709
0.982969
0.988006
0.984685
0.97636
0.982804
0.987759
0.986729
0.976108
0.981122
0.987519
0.988556
0.975849
0.980966
0.979877
0.982281
0.949665
0.93641
0.0651051
0.921485
0.966549
0.982137
0.986841
0.992121
0.975916
0.981967
0.986627
0.992677
0.975584
0.981796
0.986419
0.992985
0.975243
0.981622
0.986216
0.993097
0.974896
0.981447
0.986017
0.99306
0.974545
0.981269
0.985822
0.992915
0.974194
0.981089
0.985632
0.992694
0.973329
0.980905
0.985445
0.992421
0.973077
0.979338
0.983593
0.992116
0.972856
0.979163
0.983422
0.989896
0.960706
0.951851
0.955126
0.83768
0.893844
0.960984
0.98248
0.991122
0.972531
0.979933
0.984553
0.990787
0.972478
0.979726
0.984382
0.990457
0.972561
0.979513
0.984212

0.00857219
0.9974
0.997878
0.997878
0.997878
0.997878
0.997878
0.997878
0.997878
0.997878
0.997878
0.997878
0.997878
0.997878
0.997878
0.997878
0.997878
0.997878
0.997878
0.997878
0.997878
0.997878
0.997878
0.997878
0.997878
0.997878
0.997878
0.997878
0.997878
0.997878
0.997878
0.997878
0.997878
0.997878
0.997878
0.997878
0.997878
0.997878
0.997878
0.997878
0.997878
0.997878
0.997878
0.997878
0.997878
0.997878
0.997878
0.997878
0.997878
0.997878
0.997878
0.997878
0.997878
0.997878
0.997878
0.997878
0.997878
0.997878
0.997878
0.997878
0.997878
0.997878
0.997878
0.997878
0.997878
0.997878
0.997878
0.997878
0.997878
0.997878
0.997878
0.997878
0.997878
0.997878
0.997878
0.997878
0.997878
0.997878
0.997878
0.997878
0.997878
0.997878
0.997878
0.997878
0.997878
0.997878
0.997878
0.997878
0.997878
0.997878
0.997878
0.997878
0.997878
0.997878
0.997878
0.997878
0.997878
0.997878
0.997878
0.997878
0.997878

0.0311315
0.905426
0.99065
0.978476
0.984359
0.992241
0.998743
0.988034
0.97879
0.985321
0.993218
0.998916
0.985506
0.978852
0.986292
0.994183
0.998741
0.983259
0.979343
0.98727
0.995126
0.998131
0.981418
0.979955
0.988252
0.996034
0.997017
0.980036
0.980656
0.987618
0.996884
0.995373
0.979108
0.981421
0.988546
0.997647
0.99325
0.978587
0.982233
0.98948
0.99828
0.99078
0.978411
0.983079
0.990416
0.998726
0.988166
0.978513
0.983948
0.985621
0.981229
0.93452
0.942593
0.935319
0.992067
0.99876
0.982225
0.979921
0.987221
0.99508
0.998174
0.980602
0.980678
0.988202
0.995989
0.997086
0.979445
0.981511
0.989187
0.996843
0.995468
0.978738
0.982396
0.990172
0.997611
0.993367
0.978431
0.983318
0.991158
0.998252
0.990911
0.978458
0.984263
0.992142
0.998709
0.988298
0.978748
0.985223
0.99312
0.998913
0.985752
0.979242
0.986194
0.994087
0.998777
0.983469
0.979885
0.987171
0.995033
0.998215
0.981583

0.0183809
0.794186
0.981837
0.95917
0.996921
0.973575
0.965935
0.990106
0.964079
0.981276
0.982244
0.967976
0.984679
0.970017
0.977137
0.985486
0.973809
0.970331
0.979098
0.982502
0.968966
0.985673
0.973628
0.972122
0.990405
0.965839
0.988215
0.979606
0.958441
0.996278
0.971364
0.973375
0.98806
0.961907
0.986946
0.979915
0.97282
0.989043
0.967705
0.975929
0.985417
0.979012
0.971692
0.977131
0.980299
0.974375
0.987276
0.971655
0.977013
0.988009
0.964562
0.992736
0.977405
0.959423
0.994438
0.969179
0.980148
0.985771
0.959885
0.992472
0.977569
0.973369
0.990364
0.968464
0.976043
0.983881
0.9789
0.975702
0.974887
0.978165
0.980262
0.987023
0.970024
0.9789
0.985628
0.964479
0.993542
0.976851
0.963013
0.992157
0.967056
0.988148
0.983433
0.958203
0.99526
0.97523
0.974627
0.989513
0.966247
0.978455
0.981749
0.979658
0.981685
0.972621
0.976223
0.98381
0.986521
0.96917
0.978412
0.983256
0.966525

0.0364882
0.9502
0.964245
0.964245
0.925238
0.995363
0.995363
0.995363
0.995363
0.995363
0.995363
0.995363
0.995363
0.995363
0.995363
0.995363
0.995363
0.995363
0.995363
0.995363
0.995363
0.995363
0.995363
0.995363
0.995363
0.995363
0.995363
0.995363
0.995363
0.995363
0.995363
0.995363
0.995363
0.995363
0.995363
0.995363
0.995363
0.995363
0.995363
0.995363
0.995363
0.995363
0.964245
0.964245
0.946836
0.725167
0.995363
0.995363
0.995363
0.995363
0.995363
0.995363
0.995363
0.995363
0.995363
0.995363
0.995363
0.995363
0.995363
0.995363
0.995363
0.995363
0.995363
0.995363
0.995363
0.995363
0.995363
0.995363
0.995363
0.995363
0.995363
0.995363
0.995363
0.995363
0.995363
0.995363
0.995363
0.995363
0.995363
0.995363
0.995363
0.995363
0.995363
0.964245
0.964245
0.946836
0.185908
0.995363
0.995363
0.995363
0.995363
0.995363
0.995363
0.995363
0.995363
0.995363
0.995363
0.995363
0.995363
0.995363
0.995363

