0.0470741
0.0384627
0.0325002
0.0314266
0.0280013
0.0234786
0.0582723
0.0614586
0.028302
0.046631
0.0249828
0.00225499
0.0229776
0.0214608
0.0393459
0.00157676
0.0213188
0.0177734
0.0156212
0.0461609
0.120322
0.0593831
0.0524181
0.0658828
0.0919253
0.0400184
0.0382286
0.0410597
0.0233968
0.00291017
0.000407643
0.00477012
0.020149
0.0204053
0.0122743
0.0192075
0.0429676
0.0678689
0.0649368
0.0918454
0.0669712
0.0355409
0.00347299
0.0362982
0.0550552
0.110864
0.118481
0.167334
0.0893428
0.0398046
0.0559397
0.06515
0.0179132
0.0363654
0.00858548
0.00953222
0.0467616
0.0448385
0.0964602
0.0729194
0.0641731
0.0565796
0.0512212
0.0381091
0.0553311
0.00512823
0.00717618
0.00707393
0.0136221
0.0420209
0.0130173
0.00632205
0.00793913
0.0277859
0.065479
0.114676
0.0520938
0.0610612
0.036423
0.000863775
0.0192291
0.0118216
0.0281308
0.0178222
0.015284
0.0021642
0.0131401
0.0650496
0.127549
0.121918
0.111929
0.0831077
0.0259813
0.0480403
0.00472455
0.00812206
0.027004
0.0204578
0.0614045
0.00321694
0.00863456

0.105908
0.0805288
0.148212
0.15273
0.174361
0.256543
0.215072
0.205901
0.100635
0.137359
0.0115134
0.0653648
0.265826
0.36397
0.482619
0.609627
0.518488
0.488895
0.664978
0.547459
0.512283
0.596987
0.672882
0.531661
0.610837
0.756844
0.699359
0.651549
0.668929
0.703427
0.627929
0.662399
0.694788
0.727369
0.709077
0.672382
0.631179
0.589898
0.613554
0.597766
0.683307
0.593292
0.660434
0.693422
0.626148
0.674493
0.710601
0.671943
0.691821
0.739301
0.682562
0.497218
0.644803
0.630747
0.655527
0.615756
0.704546
0.60951
0.573264
0.703376
0.693015
0.672836
0.598313
0.669356
0.570886
0.541481
0.648299
0.67241
0.731476
0.623778
0.665157
0.702835
0.728442
0.681066
0.727342
0.754974
0.644342
0.675796
0.538176
0.577545
0.610492
0.599738
0.625121
0.618777
0.579406
0.547524
0.667959
0.642251
0.587597
0.579194
0.629571
0.618142
0.60293
0.614938
0.615091
0.586589
0.607725
0.642701
0.603654
0.642345
0.693508

0.0418229
0.105555
0.129849
0.249368
0.562609
0.732009
0.828227
0.905549
0.917351
0.93041
0.922675
0.929303
0.916575
0.927125
0.941356
0.949078
0.937891
0.925559
0.934236
0.939769
0.934071
0.917439
0.9233
0.928534
0.934634
0.934008
0.930975
0.941677
0.948792
0.930178
0.917082
0.931486
0.944303
0.927658
0.906512
0.916283
0.957278
0.947004
0.926227
0.922394
0.952718
0.942272
0.923861
0.909066
0.94231
0.936797
0.917748
0.91481
0.950806
0.955936
0.937497
0.918671
0.928972
0.950814
0.934166
0.914938
0.910998
0.941227
0.938351
0.933552
0.923404
0.95279
0.94744
0.92919
0.914398
0.936443
0.943177
0.924804
0.906978
0.925079
0.957293
0.944349
0.925791
0.932028
0.946549
0.939842
0.921765
0.923135
0.931145
0.933229
0.917277
0.933287
0.941409
0.950145
0.93529
0.927154
0.933027
0.938434
0.931967
0.919497
0.92661
0.921308
0.940294
0.935915
0.944863
0.932128
0.941202
0.929144
0.937882
0.926776
0.929124

0.0468036
0.0566578
0.133408
0.242361
0.439227
0.0700707
0.625179
0.88436
0.934322
0.913835
0.912868
0.957496
0.906701
0.943974
0.967488
0.923169
0.938742
0.943942
0.915161
0.936891
0.944098
0.935932
0.943317
0.943539
0.937692
0.917112
0.941185
0.948721
0.931588
0.958046
0.923388
0.924478
0.952908
0.915944
0.945135
0.95792
0.922877
0.947617
0.936273
0.912527
0.956841
0.949821
0.935929
0.933272
0.943947
0.934357
0.910824
0.964217
0.938418
0.930737
0.963926
0.916246
0.922382
0.952473
0.930243
0.953642
0.948877
0.923064
0.944606
0.930178
0.923751
0.949313
0.949057
0.943348
0.925343
0.943894
0.926474
0.935557
0.970216
0.928266
0.930851
0.961349
0.911356
0.920078
0.963918
0.928956
0.952772
0.942515
0.923159
0.943643
0.939002
0.954181
0.944556
0.955052
0.945346
0.928216
0.949274
0.934442
0.9459
0.971268
0.927024
0.940412
0.95745
0.914728
0.961792
0.957672
0.93565
0.95604
0.943501
0.930327
0.933636

0.0744213
0.162037
0.323184
0.658691
0.854528
0.927088
0.963236
0.947528
0.977692
0.974516
0.955356
0.967903
0.955906
0.967945
0.979201
0.96003
0.958183
0.964879
0.965872
0.971738
0.972683
0.948901
0.961417
0.977235
0.962274
0.97557
0.95324
0.950856
0.985298
0.961853
0.965308
0.969377
0.944578
0.9792
0.967547
0.948714
0.927271
0.875613
0.893638
0.830681
0.581976
0.183353
0.882595
0.329345
0.883725
0.972323
0.953651
0.963891
0.959908
0.965738
0.978183
0.957961
0.95514
0.967442
0.964198
0.969399
0.97071
0.949415
0.963135
0.974951
0.960481
0.974857
0.955637
0.952105
0.985004
0.960305
0.967049
0.968461
0.943659
0.981793
0.971874
0.957651
0.971019
0.951547
0.971305
0.980507
0.95794
0.962502
0.964191
0.964814
0.975971
0.97015
0.953857
0.964776
0.9711
0.965925
0.977162
0.955588
0.955419
0.979413
0.961915
0.971202
0.967359
0.946732
0.974482
0.970518
0.958641
0.972634
0.948947
0.960024
0.982843

0.0567463
0.212244
0.350508
0.786667
0.94059
0.94379
0.957908
0.958244
0.958399
0.95847
0.958503
0.958518
0.958525
0.958528
0.95853
0.958531
0.968166
0.97398
0.97398
0.97398
0.97398
0.97398
0.97398
0.97398
0.97398
0.97398
0.97398
0.97398
0.97398
0.97398
0.97398
0.97398
0.97398
0.97398
0.97595
0.97595
0.97595
0.97595
0.97595
0.97595
0.97595
0.97595
0.97595
0.97595
0.97595
0.97595
0.97595
0.97595
0.97595
0.97595
0.97595
0.97595
0.97595
0.97595
0.97595
0.97595
0.97595
0.97595
0.97595
0.97595
0.97595
0.97595
0.97595
0.97595
0.97595
0.97595
0.97595
0.97595
0.97595
0.97595
0.97595
0.97595
0.97595
0.97595
0.97595
0.97595
0.97595
0.97595
0.97595
0.97595
0.97595
0.97595
0.97595
0.97595
0.97595
0.97595
0.97595
0.97595
0.97595
0.97595
0.97595
0.97595
0.97595
0.97595
0.97595
0.97595
0.97595
0.97595
0.97595
0.97595
0.97595

0.0500522
0.274487
0.816785
0.954669
0.987038
0.987875
0.987937
0.98795
0.987954
0.987956
0.987956
0.987956
0.987956
0.987956
0.987956
0.987956
0.987956
0.987956
0.987956
0.987956
0.987956
0.987956
0.987956
0.986164
0.986164
0.986164
0.986164
0.986164
0.986164
0.986164
0.986164
0.986164
0.986164
0.986164
0.986164
0.986164
0.986164
0.986164
0.986164
0.986164
0.986164
0.986164
0.980479
0.970925
0.970925
0.940374
0.940374
0.894993
0.762825
0.531482
0.243276
0.892866
0.366013
0.527265
0.86455
0.938831
0.969989
0.969989
0.979853
0.979853
0.987956
0.987956
0.987956
0.987956
0.987956
0.987956
0.987956
0.987956
0.987956
0.987956
0.987956
0.987956
0.987956
0.987956
0.987956
0.987956
0.987956
0.987956
0.987956
0.987956
0.987956
0.987956
0.987956
0.987956
0.987956
0.987956
0.987956
0.987956
0.987956
0.987956
0.987956
0.987956
0.987956
0.987956
0.987956
0.987956
0.987956
0.987956
0.987956
0.987956
0.987956

0.0703476
0.315796
0.676541
0.563028
0.763458
0.894768
0.915927
0.96466
0.953814
0.974306
0.975248
0.967019
0.986288
0.963449
0.977308
0.968932
0.980196
0.987394
0.973086
0.993949
0.972202
0.984256
0.981035
0.976399
0.991906
0.971526
0.987242
0.975353
0.980529
0.989056
0.978125
0.995867
0.975691
0.990338
0.983024
0.981995
0.993599
0.975882
0.995229
0.978034
0.986476
0.988597
0.978385
0.995804
0.975606
0.990629
0.982567
0.982337
0.993292
0.976005
0.995374
0.97774
0.986826
0.988132
0.978655
0.995722
0.975539
0.992815
0.982119
0.982681
0.992967
0.976143
0.995504
0.977463
0.987174
0.987661
0.978933
0.995619
0.97549
0.993096
0.981679
0.983029
0.992625
0.976293
0.995618
0.977203
0.987519
0.987185
0.979219
0.995497
0.975458
0.993367
0.981249
0.983379
0.992268
0.976457
0.995715
0.97696
0.989651
0.986707
0.979512
0.995356
0.975443
0.993628
0.98083
0.983731
0.991896
0.976634
0.995796
0.976735
0.990004

0.0319117
0.400727
0.920381
0.967373
0.972949
0.95142
0.969568
0.974123
0.9609
0.964061
0.963604
0.969145
0.960508
0.967336
0.97814
0.956632
0.959853
0.963783
0.965505
0.97156
0.964421
0.973919
0.953768
0.955867
0.981664
0.961408
0.966527
0.9611
0.969802
0.97057
0.951526
0.97966
0.956549
0.962084
0.974376
0.965739
0.971236
0.946183
0.975072
0.956005
0.957853
0.983121
0.961162
0.966682
0.944753
0.971127
0.974459
0.953182
0.979699
0.953892
0.962691
0.964142
0.967227
0.971321
0.948083
0.976487
0.964408
0.958798
0.963288
0.95989
0.961727
0.94402
0.971095
0.970584
0.948136
0.954967
0.949113
0.95785
0.96439
0.96721
0.966555
0.931859
0.931312
0.931656
0.930301
0.940007
0.944064
0.939431
0.922462
0.926955
0.949077
0.884708
0.748005
0.75503
0.658732
0.626257
0.613971
0.242116
0.85729
0.843468
0.363277
0.418012
0.814268
0.831437
0.924188
0.942983
0.924718
0.950833
0.933007
0.946609
0.950342

0.0598867
0.51909
0.961223
0.989924
0.989682
0.989664
0.989661
0.98966
0.98966
0.98966
0.98966
0.98966
0.98966
0.98966
0.98966
0.98966
0.987851
0.987851
0.987851
0.987851
0.987851
0.987851
0.987851
0.987851
0.987851
0.987851
0.959139
0.959139
0.679141
0.679141
0.971701
0.987563
0.987563
0.987563
0.987563
0.98966
0.98966
0.98966
0.98966
0.98966
0.98966
0.98966
0.98966
0.98966
0.98966
0.98966
0.98966
0.98966
0.98966
0.98966
0.98966
0.98966
0.98966
0.98966
0.98966
0.98966
0.98966
0.98966
0.98966
0.98966
0.98966
0.98966
0.98966
0.98966
0.98966
0.98966
0.98966
0.98966
0.98966
0.98966
0.98966
0.98966
0.98966
0.98966
0.98966
0.98966
0.98966
0.98966
0.98966
0.98966
0.98966
0.98966
0.98966
0.98966
0.98966
0.987851
0.987851
0.987851
0.987851
0.987851
0.987851
0.987851
0.987851
0.982144
0.959139
0.921007
0.478782
0.187697
0.981569
0.987563
0.987563

0.0862732
0.0999711
0.944329
0.959909
0.954655
0.950118
0.928143
0.948509
0.955765
0.955206
0.954221
0.961169
0.938555
0.937859
0.938224
0.964677
0.946712
0.960385
0.956543
0.953909
0.936648
0.946844
0.967757
0.954381
0.961051
0.962316
0.954824
0.938267
0.945508
0.965221
0.956441
0.961198
0.965044
0.95472
0.941084
0.945961
0.966678
0.953544
0.963732
0.963691
0.957515
0.93914
0.948854
0.963118
0.955547
0.96197
0.966443
0.955698
0.941986
0.947193
0.96448
0.95245
0.964403
0.965102
0.958399
0.94027
0.948304
0.961135
0.953505
0.962557
0.967753
0.956743
0.943019
0.946984
0.962359
0.951936
0.96479
0.966473
0.959282
0.941566
0.947987
0.959356
0.951745
0.962513
0.968969
0.957079
0.938834
0.944532
0.960438
0.947196
0.964861
0.967019
0.96016
0.934099
0.947974
0.956081
0.949673
0.958329
0.97007
0.958036
0.939766
0.938205
0.958805
0.945062
0.962462
0.968146
0.958442
0.935141
0.943698
0.954694
0.947387

0.0652998
0.331297
0.970432
0.9769
0.983822
0.970532
0.966518
0.978112
0.985141
0.975984
0.961472
0.979322
0.980685
0.981312
0.95798
0.980295
0.977887
0.985959
0.957146
0.98064
0.977218
0.989208
0.958897
0.979706
0.97819
0.99022
0.96255
0.976785
0.980024
0.990299
0.967356
0.968334
0.982048
0.984548
0.972695
0.962514
0.983793
0.980234
0.978046
0.957984
0.984927
0.977418
0.982872
0.956089
0.985099
0.976879
0.9865
0.956963
0.983814
0.978299
0.989838
0.959987
0.980485
0.980905
0.988808
0.964388
0.97496
0.983934
0.98524
0.969502
0.96822
0.986763
0.979349
0.974787
0.959457
0.988885
0.976274
0.979717
0.956199
0.989818
0.975485
0.985156
0.95588
0.989009
0.976909
0.987409
0.957999
0.985872
0.979863
0.987126
0.961775
0.980172
0.98358
0.98418
0.966499
0.972705
0.987397
0.979744
0.971596
0.965388
0.990735
0.974958
0.976537
0.958085
0.99301
0.973647
0.982016
0.956188
0.993544
0.97471
0.984802

0.0825981
0.861836
0.997761
0.99781
0.99781
0.99781
0.99781
0.99781
0.99781
0.99781
0.99781
0.99781
0.99781
0.99781
0.99781
0.99781
0.99781
0.99781
0.99781
0.99781
0.99781
0.99781
0.99781
0.99781
0.99781
0.99781
0.99781
0.99781
0.99781
0.99781
0.99781
0.99781
0.99781
0.99781
0.99781
0.99781
0.99781
0.99781
0.99781
0.99781
0.99781
0.99781
0.99781
0.99781
0.99781
0.99781
0.99781
0.99781
0.99781
0.99781
0.99781
0.99781
0.99781
0.99781
0.99781
0.99781
0.99781
0.99781
0.99781
0.99781
0.99585
0.989959
0.989959
0.989959
0.966496
0.874453
0.586389
0.727465
0.927691
0.989925
0.99781
0.99781
0.99781
0.99781
0.99781
0.99781
0.99781
0.99781
0.99781
0.99781
0.99781
0.99781
0.99781
0.99781
0.99781
0.99781
0.99781
0.99781
0.99781
0.99781
0.99781
0.99781
0.99781
0.99781
0.99781
0.99781
0.99781
0.99781
0.99781
0.99781
0.99781

0.0612621
0.211594
0.917319
0.921461
0.944813
0.822667
0.900246
0.402669
0.823025
0.920323
0.959361
0.936331
0.948809
0.939603
0.954849
0.930842
0.948676
0.969316
0.918756
0.969109
0.933285
0.938142
0.971488
0.93855
0.961756
0.96243
0.948934
0.94834
0.963039
0.939884
0.966374
0.9598
0.943808
0.976655
0.940765
0.963142
0.946444
0.957488
0.964584
0.94607
0.97411
0.94135
0.96376
0.959543
0.941004
0.965286
0.963785
0.94786
0.963002
0.965045
0.932426
0.979654
0.944895
0.949292
0.978187
0.943743
0.966008
0.949803
0.96267
0.949981
0.956888
0.966941
0.941271
0.971302
0.957895
0.945524
0.959414
0.965316
0.938448
0.971613
0.960268
0.936764
0.98555
0.935243
0.955718
0.963983
0.948675
0.962699
0.951557
0.966033
0.942758
0.962943
0.954613
0.944198
0.963847
0.959768
0.946133
0.959315
0.964825
0.926965
0.977517
0.94187
0.937441
0.982
0.928819
0.9614
0.9483
0.941701
0.950064
0.94476
0.945903

0.108702
0.942096
0.978851
0.963327
0.949799
0.977449
0.95635
0.966035
0.982255
0.978594
0.951677
0.980883
0.97141
0.953839
0.979818
0.954602
0.951103
0.968602
0.977758
0.955678
0.983349
0.978336
0.957851
0.982409
0.958055
0.956809
0.958488
0.95635
0.951226
0.983553
0.983778
0.965966
0.984382
0.960129
0.965492
0.960872
0.957692
0.953831
0.9648
0.978727
0.974921
0.985307
0.960935
0.973825
0.961154
0.958667
0.970483
0.960636
0.962584
0.976025
0.985477
0.961371
0.981255
0.961624
0.959091
0.981516
0.961707
0.954699
0.966214
0.979979
0.960139
0.986929
0.964683
0.95931
0.987443
0.963757
0.957488
0.964466
0.961128
0.945681
0.9872
0.973739
0.963472
0.991363
0.966253
0.961801
0.968537
0.963801
0.937389
0.966811
0.970065
0.965337
0.993553
0.968467
0.966071
0.969941
0.963417
0.943781
0.967604
0.960905
0.95192
0.990861
0.967522
0.971761
0.969812
0.964025
0.953254
0.968695
0.962698
0.953787
0.976044

0.066104
0.928718
0.981288
0.975076
0.977867
0.985603
0.992373
0.995478
0.98801
0.976947
0.975648
0.980553
0.988903
0.994672
0.993537
0.982039
0.975143
0.977524
0.983576
0.991969
0.99553
0.988851
0.977417
0.975469
0.980138
0.986701
0.994408
0.993998
0.982867
0.975256
0.972484
0.977733
0.983934
0.993592
0.987593
0.974972
0.971127
0.965735
0.971179
0.976625
0.986586
0.975081
0.96446
0.835143
0.130643
0.991125
0.805136
0.959666
0.972711
0.964466
0.977784
0.98527
0.991795
0.986852
0.977585
0.97525
0.977329
0.983684
0.990687
0.995396
0.989277
0.978089
0.975305
0.980054
0.987004
0.993463
0.99501
0.983848
0.975424
0.976993
0.983209
0.990241
0.995264
0.991855
0.978684
0.975177
0.979626
0.986524
0.993105
0.995226
0.986349
0.97565
0.976676
0.982738
0.989787
0.995094
0.992488
0.979328
0.975086
0.979207
0.986043
0.99273
0.995383
0.987224
0.975928
0.976381
0.98227
0.989327
0.994888
0.993063
0.981311

0.0577216
0.237235
0.765759
0.897591
0.961127
0.990614
0.990614
0.990614
0.992661
0.992661
0.992661
0.992661
0.992661
0.992661
0.992661
0.992661
0.992661
0.992661
0.992661
0.992661
0.992661
0.992661
0.992661
0.992661
0.992661
0.992661
0.992661
0.992661
0.992661
0.992661
0.992661
0.992661
0.992661
0.992661
0.992661
0.992661
0.992661
0.992661
0.992661
0.992661
0.992661
0.992661
0.992661
0.992661
0.992661
0.992661
0.992661
0.992661
0.992661
0.992661
0.992661
0.992661
0.992661
0.992661
0.992661
0.992661
0.992661
0.992661
0.992661
0.992661
0.992661
0.992661
0.992661
0.992661
0.992661
0.992661
0.992661
0.992661
0.992661
0.992661
0.992661
0.992661
0.992661
0.992661
0.992661
0.992661
0.992661
0.992661
0.992661
0.992661
0.992661
0.992661
0.992661
0.992661
0.992661
0.992661
0.992661
0.992661
0.992661
0.992661
0.992661
0.992661
0.992661
0.992661
0.992661
0.992661
0.99079
0.99079
0.99079
0.99079
0.99079

0.0711404
0.943562
0.988369
0.988374
0.988374
0.988374
0.988374
0.988374
0.988374
0.988374
0.988374
0.988374
0.988374
0.988374
0.988374
0.988374
0.986458
0.986458
0.986458
0.986458
0.986458
0.970969
0.940167
0.940167
0.79993
0.970766
0.980513
0.98639
0.98639
0.98639
0.98639
0.988374
0.988374
0.988374
0.988374
0.988374
0.988374
0.988374
0.988374
0.988374
0.988374
0.988374
0.988374
0.988374
0.988374
0.988374
0.988374
0.988374
0.988374
0.988374
0.988374
0.988374
0.988374
0.988374
0.988374
0.988374
0.988374
0.988374
0.988374
0.988374
0.988374
0.988374
0.988374
0.988374
0.988374
0.988374
0.988374
0.988374
0.988374
0.986458
0.986458
0.986458
0.986458
0.970969
0.970969
0.940167
0.834802
0.580514
0.970766
0.980513
0.98639
0.98639
0.98639
0.98639
0.988374
0.988374
0.988374
0.988374
0.988374
0.988374
0.988374
0.988374
0.988374
0.988374
0.988374
0.988374
0.988374
0.988374
0.988374
0.988374
0.988374

0.12444
0.994785
0.994902
0.994902
0.994902
0.994902
0.994902
0.994902
0.994902
0.994902
0.994902
0.994902
0.994902
0.994902
0.994902
0.994902
0.994902
0.994902
0.994902
0.994902
0.994902
0.994902
0.994902
0.994902
0.994902
0.994902
0.994902
0.994902
0.994902
0.99299
0.987158
0.987158
0.987158
0.987158
0.987158
0.963847
0.805369
0.306671
0.986955
0.992888
0.994902
0.994902
0.994902
0.994902
0.994902
0.994902
0.994902
0.994902
0.994902
0.994902
0.994902
0.994902
0.994902
0.994902
0.994902
0.994902
0.994902
0.994902
0.994902
0.994902
0.994902
0.994902
0.994902
0.994902
0.994902
0.994902
0.994902
0.994902
0.994902
0.994902
0.994902
0.994902
0.994902
0.994902
0.994902
0.994902
0.994902
0.994902
0.994902
0.994902
0.994902
0.994902
0.994902
0.994902
0.994902
0.994902
0.994902
0.994902
0.994902
0.994902
0.994902
0.994902
0.994902
0.994902
0.994902
0.994902
0.994902
0.994902
0.994902
0.994902
0.99299

0.0173879
0.996956
0.97887
0.996138
0.978486
0.993004
0.98146
0.989632
0.987935
0.98625
0.996241
0.983006
0.998798
0.980183
0.997777
0.978448
0.995083
0.979085
0.991823
0.983452
0.988431
0.990467
0.985078
0.997665
0.981937
0.998739
0.979393
0.996939
0.978318
0.993964
0.980172
0.990628
0.98582
0.987234
0.994628
0.983931
0.998506
0.980938
0.998324
0.97878
0.995963
0.978556
0.992803
0.981769
0.989426
0.988376
0.986048
0.996526
0.982819
0.998817
0.980038
0.997646
0.978403
0.994895
0.979235
0.991619
0.983835
0.988225
0.990882
0.98488
0.997849
0.98176
0.998691
0.979274
0.99678
0.978331
0.993767
0.980409
0.990422
0.98625
0.98703
0.993102
0.983737
0.998594
0.980776
0.998225
0.978697
0.995786
0.97864
0.992602
0.982091
0.98922
0.988815
0.985847
0.996795
0.982634
0.998824
0.979896
0.997509
0.978367
0.994706
0.9794
0.991415
0.984228
0.98802
0.991288
0.984682
0.998017
0.981586
0.998632
0.979161

0.159089
0.953322
0.941186
0.646258
0.967427
0.981093
0.970158
0.978157
0.98857
0.980024
0.969391
0.959635
0.964511
0.992974
0.990709
0.979196
0.970333
0.979427
0.985722
0.976374
0.964968
0.95645
0.986787
0.996474
0.985884
0.975241
0.96758
0.978103
0.98254
0.972061
0.964054
0.976183
0.990305
0.992071
0.982314
0.972318
0.965534
0.976049
0.977613
0.972134
0.980094
0.976032
0.987142
0.988886
0.979358
0.964233
0.960109
0.973609
0.980392
0.987298
0.978186
0.969113
0.983558
0.984246
0.969803
0.960918
0.957708
0.980351
0.988482
0.939372
0.680686
0.956428
0.975835
0.979937
0.97184
0.960287
0.962832
0.995953
0.992322
0.981451
0.971427
0.967346
0.982122
0.978732
0.96737
0.970617
0.979338
0.993142
0.98839
0.978368
0.968609
0.964797
0.979365
0.974441
0.979764
0.979162
0.976766
0.990014
0.985369
0.975234
0.965022
0.964063
0.977418
0.989214
0.985765
0.974334
0.974391
0.987926
0.981988
0.971386
0.957858

