0.0115031
0.0262203
0.103637
0.0697217
0.139636
0.124633
0.0857171
0.0898991
0.0587882
0.0746341
0.060343
0.0373751
0.0390518
0.00553448
0.0628003
0.0294492
0.029961
0.0503187
0.022762
0.0289035
0.0388108
0.0417122
0.0487107
0.00603216
0.00867798
0.0490352
0.0695754
0.00948073
0.0335419
0.00255539
0.00348531
0.00770862
0.0425193
0.00384889
0.0100669
0.0391209
0.06834
0.0883258
0.0471386
0.0367627
0.0501783
0.0793906
0.112402
0.0826048
0.0811339
0.101856
0.105935
0.0896134
0.151213
0.122524
0.125269
0.136545
0.0992512
0.145245
0.0744695
0.070226
0.0961142
0.109941
0.139785
0.149359
0.190717
0.166571
0.173246
0.138977
0.149032
0.182658
0.163135
0.203379
0.218179
0.164521
0.142931
0.118256
0.0970446
0.102288
0.0234284
0.0165484
0.0294619
0.0114273
0.0354656
0.0422534
0.0603468
0.0388434
0.041899
0.0725105
0.0860912
0.0802081
0.0666737
0.0652687
0.0084494
0.0236967
0.0826058
0.0979596
0.06717
0.0382438
0.0083472
0.0379816
0.0491975
0.00182837
0.0495264
0.013411
0.00708181

0.030493
0.0401198
0.0243621
0.0243065
0.0408448
0.0747576
0.03787
0.0138108
0.0397807
0.0234035
0.0136934
0.038065
0.0571492
0.0060899
0.0518169
0.048657
0.0951479
0.323229
0.366566
0.39804
0.505541
0.599618
0.639704
0.60056
0.603385
0.699783
0.719525
0.699056
0.604216
0.64777
0.637401
0.584606
0.638556
0.611314
0.659995
0.550019
0.550646
0.558185
0.678857
0.697998
0.678788
0.617672
0.61806
0.645926
0.612178
0.598723
0.56618
0.546866
0.55861
0.548373
0.505311
0.572012
0.46064
0.515257
0.413489
0.418318
0.406181
0.354067
0.447814
0.411926
0.346034
0.292746
0.363341
0.291885
0.135151
0.161404
0.201913
0.132072
0.234676
0.128442
0.107069
0.108149
0.0994838
0.0168085
0.015689
0.12266
0.0850707
0.182332
0.280533
0.354346
0.339676
0.427881
0.389105
0.430905
0.30568
0.48662
0.443656
0.417513
0.574077
0.672116
0.701212
0.649736
0.636358
0.744167
0.800967
0.753726
0.7781
0.762529
0.777528
0.740659
0.673775

0.0613964
0.0696271
0.0858478
0.116215
0.184073
0.313263
0.48054
0.60726
0.695965
0.795955
0.855134
0.864381
0.89153
0.90916
0.919092
0.905611
0.917552
0.910511
0.882389
0.917253
0.951699
0.93268
0.908631
0.908828
0.903569
0.891696
0.898361
0.925584
0.923711
0.90375
0.920238
0.927667
0.894152
0.893286
0.9119
0.895795
0.911275
0.934501
0.92475
0.894649
0.88904
0.916805
0.92085
0.907601
0.907885
0.902498
0.896108
0.918358
0.921155
0.912433
0.907422
0.908562
0.910377
0.894919
0.905287
0.915023
0.900478
0.913294
0.936332
0.917738
0.895951
0.895419
0.882646
0.900203
0.934578
0.936602
0.912671
0.893209
0.905242
0.912792
0.88572
0.904614
0.92424
0.909999
0.917985
0.925297
0.910576
0.881137
0.896789
0.919672
0.905949
0.915206
0.924753
0.907705
0.878563
0.913676
0.934187
0.905146
0.895687
0.896425
0.915515
0.908651
0.912157
0.925907
0.901579
0.899642
0.924948
0.905078
0.880033
0.904133
0.913747

0.0186386
0.0601853
0.121222
0.24768
0.494708
0.677119
0.829314
0.900074
0.927454
0.916288
0.912635
0.945078
0.919275
0.904347
0.954936
0.926165
0.892082
0.960996
0.929281
0.882493
0.961468
0.933692
0.880799
0.955477
0.936966
0.882791
0.944332
0.940121
0.89396
0.931984
0.942763
0.897948
0.925061
0.943631
0.907545
0.924349
0.939659
0.912792
0.926617
0.926866
0.919438
0.929699
0.905121
0.928221
0.938186
0.89194
0.937567
0.941758
0.888784
0.942804
0.945148
0.889927
0.934891
0.948465
0.892158
0.922493
0.951538
0.90702
0.917201
0.953597
0.91024
0.918627
0.952471
0.913436
0.922998
0.943921
0.916677
0.928445
0.926544
0.920024
0.93914
0.910918
0.923321
0.945266
0.905394
0.924804
0.950506
0.906198
0.91795
0.95501
0.908876
0.900288
0.958955
0.916601
0.887745
0.961921
0.920126
0.885686
0.96225
0.923461
0.888758
0.956426
0.926705
0.900781
0.942024
0.92986
0.911885
0.9257
0.931092
0.920558
0.91689

0.0322221
0.111542
0.725571
0.898276
0.935143
0.946724
0.946419
0.946501
0.938999
0.942074
0.94593
0.950401
0.949228
0.939206
0.943874
0.944533
0.94657
0.947315
0.936828
0.938674
0.937831
0.935198
0.957121
0.944272
0.940507
0.946692
0.941918
0.943129
0.93695
0.929478
0.941049
0.936336
0.934082
0.931671
0.921323
0.932998
0.934577
0.927102
0.924995
0.91474
0.920135
0.928488
0.937741
0.931878
0.920618
0.921917
0.941339
0.936266
0.92806
0.920339
0.913339
0.937763
0.945348
0.931752
0.922407
0.912516
0.932468
0.951518
0.942735
0.925522
0.909722
0.919802
0.94856
0.967665
0.942875
0.919774
0.9269
0.955593
0.968677
0.954275
0.922278
0.918651
0.949157
0.969375
0.965685
0.930197
0.914027
0.937946
0.963212
0.967347
0.939381
0.900686
0.91579
0.969073
0.977777
0.957882
0.915013
0.91429
0.948794
0.964657
0.956413
0.906545
0.901039
0.926751
0.954139
0.953797
0.909113
0.89044
0.909965
0.941738
0.931499

0.046514
0.200545
0.595378
0.913536
0.972186
0.980876
0.981284
0.981341
0.981355
0.981359
0.981361
0.981361
0.981362
0.981362
0.981362
0.981362
0.981362
0.981362
0.981362
0.981362
0.981362
0.981362
0.981362
0.981362
0.981362
0.981362
0.981362
0.981362
0.981362
0.981362
0.981362
0.981362
0.981362
0.981362
0.981362
0.981362
0.981362
0.981362
0.981362
0.981362
0.981362
0.981362
0.981362
0.981362
0.981362
0.981362
0.981362
0.981362
0.981362
0.981362
0.981362
0.981362
0.981362
0.981362
0.981362
0.981362
0.981362
0.981362
0.981362
0.981362
0.981362
0.981362
0.981362
0.981362
0.981362
0.979451
0.979451
0.979451
0.979451
0.979451
0.979451
0.979451
0.979451
0.979451
0.979451
0.979451
0.979451
0.979451
0.973675
0.964056
0.964056
0.964056
0.964056
0.964056
0.950633
0.950633
0.912599
0.888138
0.888138
0.828812
0.577163
0.417471
0.963902
0.303649
0.671488
0.859776
0.912296
0.933203
0.933203
0.963902
0.963902

0.0688725
0.31462
0.856133
0.957125
0.95657
0.968835
0.968486
0.960805
0.971324
0.968725
0.957503
0.952881
0.976443
0.95662
0.962228
0.958058
0.981542
0.948751
0.968731
0.964796
0.97978
0.950901
0.973744
0.97035
0.964062
0.955441
0.967807
0.964945
0.962985
0.969242
0.967891
0.965368
0.948527
0.972497
0.965486
0.960253
0.948449
0.977109
0.956182
0.962005
0.954855
0.982364
0.941219
0.96739
0.960956
0.976682
0.943805
0.962236
0.964912
0.943508
0.954504
0.963247
0.963733
0.931271
0.951433
0.906526
0.855977
0.697322
0.574952
0.733854
0.884866
0.76944
0.948783
0.962175
0.964245
0.960632
0.978094
0.954905
0.952498
0.965826
0.962429
0.950892
0.937745
0.985363
0.953684
0.964256
0.95752
0.981768
0.946924
0.969314
0.966976
0.974332
0.95121
0.976748
0.971982
0.963533
0.957197
0.97476
0.969232
0.951434
0.965061
0.963262
0.95774
0.941634
0.96532
0.971429
0.964067
0.95763
0.981423
0.955435
0.966941

0.0263961
0.0798142
0.439483
0.958331
0.978266
0.978211
0.978232
0.978238
0.97824
0.97824
0.97824
0.97824
0.97824
0.97824
0.97824
0.97824
0.97824
0.97824
0.97824
0.968682
0.968682
0.968682
0.968682
0.968682
0.968682
0.968682
0.955301
0.917297
0.798717
0.62995
0.581099
0.247168
0.626733
0.985751
0.186762
0.52643
0.717153
0.862815
0.891046
0.91576
0.93686
0.954263
0.954263
0.954263
0.9679
0.977717
0.983675
0.983675
0.983675
0.983675
0.983675
0.983675
0.983675
0.983675
0.983675
0.983675
0.983675
0.983675
0.983675
0.983675
0.985751
0.985751
0.985751
0.985751
0.985751
0.985751
0.985751
0.985751
0.985751
0.985751
0.985751
0.985751
0.985751
0.985751
0.985751
0.985751
0.985751
0.985751
0.985751
0.985751
0.985751
0.985751
0.985751
0.985751
0.985751
0.985751
0.985751
0.985751
0.985751
0.985751
0.985751
0.985751
0.985751
0.985751
0.985751
0.985751
0.985751
0.985751
0.985751
0.985751
0.985751

0.0838569
0.446526
0.791069
0.846351
0.718001
0.561972
0.231258
0.828764
0.913425
0.944675
0.947429
0.984148
0.977429
0.963964
0.976237
0.957749
0.958355
0.990329
0.972802
0.960123
0.973492
0.958233
0.966974
0.990815
0.972564
0.956486
0.971376
0.963735
0.972334
0.988606
0.967534
0.953203
0.97148
0.973579
0.971999
0.98557
0.964963
0.950807
0.976602
0.979847
0.969067
0.98228
0.962575
0.950841
0.985864
0.980325
0.965513
0.978866
0.960854
0.955956
0.991596
0.978237
0.961908
0.975445
0.961381
0.965612
0.991632
0.97549
0.95809
0.972492
0.967034
0.97115
0.988949
0.972633
0.954403
0.971541
0.976857
0.971111
0.985397
0.969759
0.951268
0.976554
0.982886
0.968458
0.981566
0.966942
0.950129
0.985222
0.983253
0.965107
0.977599
0.964637
0.953825
0.990184
0.97944
0.961648
0.973612
0.960565
0.962107
0.989437
0.976569
0.958203
0.970072
0.964509
0.971868
0.98399
0.967615
0.949662
0.964364
0.95059
0.931606

0.0630731
0.436806
0.921667
0.963695
0.961722
0.961145
0.960169
0.957169
0.965283
0.964248
0.966881
0.966657
0.957988
0.964507
0.967463
0.956509
0.97467
0.938879
0.981957
0.944573
0.986783
0.950778
0.969354
0.959404
0.969121
0.967206
0.963852
0.950933
0.963727
0.960439
0.969294
0.966174
0.951516
0.968291
0.962135
0.966147
0.971802
0.936868
0.979031
0.939988
0.98754
0.944325
0.969165
0.950793
0.974427
0.960132
0.97117
0.940119
0.966334
0.951596
0.968885
0.964393
0.94856
0.969792
0.958703
0.972713
0.966868
0.942607
0.974113
0.941832
0.977076
0.943408
0.95628
0.940371
0.966201
0.920753
0.927397
0.847346
0.900977
0.837468
0.808506
0.569121
0.368093
0.187075
0.694368
0.904485
0.916961
0.923629
0.964856
0.935426
0.973192
0.93485
0.972716
0.93926
0.967751
0.947409
0.973006
0.951062
0.963227
0.944234
0.959846
0.951971
0.959945
0.964703
0.951575
0.974324
0.959597
0.974112
0.967092
0.955245
0.977367

0.0436462
0.489182
0.979928
0.985368
0.989073
0.992905
0.99696
0.995597
0.979932
0.978778
0.98293
0.986795
0.990486
0.994466
0.997945
0.989878
0.97768
0.980319
0.984446
0.988188
0.991944
0.996038
0.997428
0.983059
0.977976
0.981929
0.985896
0.989584
0.993467
0.997414
0.993879
0.978763
0.979316
0.98349
0.987303
0.99101
0.995043
0.998007
0.987294
0.977516
0.980906
0.984981
0.988694
0.992491
0.996581
0.996556
0.981101
0.978407
0.982505
0.986412
0.990098
0.994037
0.99777
0.991711
0.977686
0.979885
0.984041
0.98781
0.991542
0.995617
0.997804
0.984774
0.977724
0.981494
0.985507
0.989203
0.993047
0.997082
0.995207
0.97887
0.97891
0.983073
0.986924
0.990618
0.994612
0.997982
0.98923
0.977491
0.980468
0.984582
0.988316
0.992082
0.996178
0.997249
0.981385
0.978077
0.982076
0.986028
0.989714
0.993611
0.997515
0.993368
0.978045
0.979458
0.983631
0.987432
0.991144
0.995189
0.997984
0.985137
0.977552

0.0298266
0.677889
0.998007
0.998034
0.998034
0.998034
0.998034
0.998034
0.998034
0.998034
0.998034
0.998034
0.998034
0.998034
0.998034
0.998034
0.998034
0.998034
0.998034
0.998034
0.998034
0.998034
0.998034
0.998034
0.998034
0.998034
0.998034
0.998034
0.998034
0.998034
0.998034
0.998034
0.998034
0.998034
0.998034
0.998034
0.998034
0.998034
0.998034
0.998034
0.998034
0.998034
0.998034
0.998034
0.998034
0.998034
0.998034
0.998034
0.998034
0.998034
0.998034
0.998034
0.998034
0.998034
0.998034
0.998034
0.998034
0.998034
0.998034
0.998034
0.998034
0.998034
0.998034
0.998034
0.998034
0.998034
0.998034
0.998034
0.998034
0.998034
0.998034
0.998034
0.998034
0.998034
0.998034
0.998034
0.998034
0.998034
0.998034
0.998034
0.998034
0.998034
0.998034
0.998034
0.998034
0.998034
0.998034
0.998034
0.998034
0.998034
0.998034
0.998034
0.998034
0.998034
0.998034
0.998034
0.998034
0.998034
0.998034
0.998034
0.998034

0.00145291
0.775804
0.974194
0.96965
0.983611
0.964541
0.943276
0.963846
0.956137
0.973658
0.968862
0.942943
0.954661
0.943355
0.952096
0.965651
0.947719
0.954337
0.935507
0.937609
0.954721
0.949334
0.963178
0.938131
0.929337
0.948164
0.946331
0.969998
0.950357
0.930575
0.945677
0.937086
0.969486
0.961557
0.941507
0.94982
0.935695
0.960118
0.964742
0.953371
0.9624
0.939569
0.955697
0.95764
0.95731
0.977213
0.951427
0.946944
0.961071
0.9556
0.985561
0.969466
0.959631
0.961198
0.952393
0.983709
0.97664
0.969434
0.966636
0.949948
0.975699
0.973542
0.971901
0.976225
0.950612
0.967126
0.961838
0.962846
0.979409
0.955238
0.959633
0.950246
0.943768
0.972055
0.957982
0.958948
0.943316
0.931047
0.958408
0.954288
0.962305
0.947471
0.92608
0.95023
0.948068
0.956774
0.958669
0.932271
0.948033
0.93891
0.950058
0.96535
0.945904
0.954241
0.938403
0.935777
0.965381
0.955565
0.967691
0.944997
0.932898

0.0894042
0.934444
0.957056
0.958408
0.960035
0.961749
0.963586
0.965586
0.967679
0.969235
0.96776
0.959839
0.951391
0.948912
0.949835
0.946045
0.947797
0.949526
0.951199
0.952855
0.95455
0.95633
0.948124
0.950148
0.962456
0.963925
0.961774
0.942227
0.932439
0.894014
0.84309
0.80479
0.608724
0.893768
0.916683
0.948905
0.96033
0.967933
0.970037
0.972268
0.974455
0.975606
0.967084
0.959004
0.95422
0.954847
0.957321
0.959962
0.962395
0.964602
0.96664
0.970746
0.972624
0.974582
0.976671
0.978888
0.981006
0.981806
0.977756
0.968462
0.962494
0.962962
0.965109
0.967453
0.969655
0.971688
0.973592
0.975428
0.977273
0.979202
0.981267
0.983452
0.985444
0.98574
0.980594
0.971226
0.966647
0.967071
0.969239
0.971489
0.973565
0.975468
0.977247
0.978964
0.980688
0.982491
0.984425
0.986459
0.988182
0.987761
0.981396
0.972099
0.96828
0.968665
0.970269
0.972
0.973603
0.975061
0.976418
0.977737
0.979083

0.112547
0.709381
0.968945
0.943599
0.961359
0.969224
0.957961
0.982233
0.964139
0.961461
0.985056
0.956393
0.975121
0.979425
0.950958
0.987333
0.970971
0.95074
0.990713
0.962064
0.958677
0.986418
0.954391
0.979132
0.978502
0.950421
0.988396
0.969647
0.95657
0.98885
0.961553
0.966596
0.98382
0.956438
0.976046
0.976435
0.959343
0.979808
0.968911
0.966244
0.98006
0.964076
0.970585
0.977562
0.965377
0.970213
0.973299
0.971511
0.968206
0.969892
0.974925
0.967169
0.97169
0.971138
0.966487
0.97807
0.965156
0.96893
0.981789
0.956307
0.974415
0.977093
0.954051
0.983066
0.965098
0.956541
0.988291
0.957736
0.965602
0.978355
0.934064
0.97136
0.949293
0.934316
0.982067
0.942481
0.941796
0.896831
0.544414
0.581183
0.935927
0.929561
0.949824
0.974505
0.946839
0.98384
0.968487
0.957823
0.985513
0.96158
0.969192
0.981059
0.958992
0.972762
0.974615
0.962626
0.973125
0.968564
0.970949
0.97456
0.966049

0.176939
0.977159
0.998348
0.998348
0.998348
0.998348
0.998348
0.998348
0.998348
0.998348
0.998348
0.998348
0.998348
0.998348
0.998348
0.998348
0.998348
0.998348
0.998348
0.998348
0.998348
0.998348
0.998348
0.998348
0.998348
0.998348
0.998348
0.998348
0.998348
0.998348
0.998348
0.998348
0.998348
0.998348
0.998348
0.998348
0.998348
0.998348
0.998348
0.998348
0.998348
0.998348
0.998348
0.998348
0.998348
0.998348
0.998348
0.998348
0.998348
0.998348
0.998348
0.998348
0.998348
0.998348
0.998348
0.998348
0.998348
0.998348
0.998348
0.998348
0.998348
0.998348
0.998348
0.998348
0.998348
0.998348
0.998348
0.998348
0.998348
0.998348
0.998348
0.998348
0.998348
0.998348
0.998348
0.998348
0.996384
0.980683
0.967007
0.481042
0.125222
0.998348
0.998348
0.998348
0.998348
0.998348
0.998348
0.998348
0.998348
0.998348
0.998348
0.998348
0.998348
0.998348
0.998348
0.998348
0.998348
0.998348
0.998348
0.998348
0.998348

0.0681239
0.24646
0.68223
0.585775
0.97906
0.994762
0.994762
0.994762
0.994762
0.994762
0.996736
0.996736
0.996736
0.996736
0.996736
0.996736
0.996736
0.996736
0.996736
0.996736
0.996736
0.996736
0.996736
0.996736
0.996736
0.996736
0.996736
0.996736
0.996736
0.996736
0.996736
0.996736
0.996736
0.996736
0.996736
0.996736
0.996736
0.996736
0.996736
0.996736
0.996736
0.996736
0.996736
0.996736
0.996736
0.996736
0.996736
0.996736
0.996736
0.996736
0.996736
0.996736
0.996736
0.996736
0.996736
0.996736
0.996736
0.996736
0.996736
0.996736
0.996736
0.996736
0.996736
0.996736
0.996736
0.996736
0.996736
0.996736
0.996736
0.996736
0.996736
0.996736
0.996736
0.996736
0.996736
0.996736
0.996736
0.996736
0.996736
0.996736
0.996736
0.996736
0.996736
0.996736
0.996736
0.996736
0.996736
0.996736
0.996736
0.996736
0.996736
0.996736
0.996736
0.996736
0.996736
0.996736
0.996736
0.996736
0.996736
0.996736
0.996736

0.0395427
0.992999
0.992812
0.992737
0.992733
0.992733
0.992733
0.992733
0.992733
0.992733
0.992733
0.992733
0.992733
0.992733
0.992733
0.992733
0.992733
0.992733
0.992733
0.992733
0.992733
0.992733
0.992733
0.992733
0.992733
0.992733
0.992733
0.992733
0.992733
0.992733
0.992733
0.992733
0.992733
0.992733
0.992733
0.992733
0.992733
0.992733
0.992733
0.992733
0.992733
0.992733
0.992733
0.992733
0.992733
0.992733
0.992733
0.992733
0.992733
0.992733
0.992733
0.992733
0.992733
0.992733
0.992733
0.992733
0.992733
0.992733
0.992733
0.992733
0.992733
0.992733
0.992733
0.992733
0.992733
0.992733
0.992733
0.992733
0.992733
0.992733
0.992733
0.992733
0.992733
0.992733
0.992733
0.992733
0.992733
0.992733
0.992733
0.992733
0.992733
0.992733
0.992733
0.992733
0.992733
0.992733
0.992733
0.992733
0.992733
0.992733
0.992733
0.992733
0.992733
0.992733
0.992733
0.992733
0.992733
0.992733
0.992733
0.992733
0.992733

0.0439409
0.988537
0.990975
0.989296
0.987657
0.984533
0.982752
0.980708
0.978696
0.97942
0.990229
0.99867
0.997498
0.99497
0.990973
0.989207
0.987624
0.986092
0.984491
0.982705
0.980655
0.978659
0.979539
0.990586
0.998709
0.997436
0.99302
0.990926
0.989166
0.987586
0.986053
0.98445
0.982657
0.980601
0.966254
0.969224
0.982654
0.535107
0.989483
0.924554
0.97465
0.988655
0.986897
0.985154
0.985791
0.983806
0.981452
0.97897
0.979198
0.989551
0.998769
0.997311
0.994793
0.992637
0.990802
0.989134
0.987492
0.985746
0.983753
0.981389
0.978919
0.979309
0.98988
0.998791
0.997248
0.994735
0.992588
0.99076
0.989093
0.98745
0.9857
0.983699
0.981326
0.97887
0.979428
0.991974
0.998808
0.997185
0.994676
0.99254
0.990717
0.989053
0.987409
0.985654
0.983645
0.981262
0.978821
0.979555
0.99231
0.998819
0.997121
0.994618
0.992491
0.990674
0.989012
0.987367
0.985607
0.98359
0.981199
0.978774
0.980419

0.016536
0.985518
0.989643
0.995699
0.999031
0.989881
0.978729
0.98041
0.984212
0.988016
0.992009
0.998105
0.996258
0.981155
0.979087
0.982602
0.986422
0.99029
0.994488
0.998905
0.987012
0.978527
0.981004
0.984832
0.983063
0.986909
0.990745
0.976219
0.282021
0.768375
0.857289
0.969974
0.990623
0.997108
0.996369
0.983139
0.978832
0.982652
0.986902
0.990986
0.995282
0.998948
0.989787
0.978693
0.980848
0.985156
0.989271
0.993442
0.99776
0.997201
0.981201
0.979273
0.98336
0.987567
0.991661
0.996001
0.999024
0.987085
0.978521
0.981538
0.985839
0.989933
0.99415
0.998335
0.995441
0.979818
0.97983
0.984062
0.988229
0.992344
0.996709
0.998727
0.985858
0.978652
0.982242
0.986514
0.990598
0.994865
0.998779
0.993094
0.978969
0.980461
0.984757
0.988889
0.993036
0.997389
0.997932
0.983385
0.979
0.98295
0.987182
0.991269
0.995585
0.999018
0.990338
0.978792
0.981135
0.985444
0.989549
0.993738
0.998014

0.0492189
0.980427
0.993154
0.980281
0.999331
0.98551
0.985824
0.991182
0.979099
0.998685
0.983675
0.992546
0.989249
0.978971
0.995077
0.981892
0.997631
0.987358
0.980934
0.99314
0.980271
0.999333
0.985498
0.985867
0.991169
0.979094
0.996709
0.983662
0.99259
0.989236
0.956256
0.92718
0.786679
0.989831
0.191184
0.89576
0.977114
0.960061
0.991457
0.984452
0.979334
0.990826
0.975946
0.998667
0.984903
0.990855
0.990918
0.978847
0.996986
0.982897
0.99573
0.988907
0.980245
0.994988
0.98099
0.999336
0.986902
0.984604
0.992936
0.979442
0.998657
0.984889
0.990897
0.990904
0.978849
0.996973
0.982883
0.9977
0.988894
0.980264
0.994974
0.980977
0.999338
0.986889
0.984643
0.992922
0.979433
0.998648
0.984875
0.990939
0.99089
0.97885
0.99696
0.98287
0.997722
0.98888
0.980283
0.99496
0.980965
0.999339
0.986875
0.984683
0.992908
0.979425
0.998639
0.984861
0.992766
0.990876
0.978852
0.996947
0.982856

