0.015595
0.0156377
0.0157527
0.015784
0.0159094
0.01593
0.0160652
0.0160883
0.0162201
0.0162458
0.0163653
0.0164022
0.0165188
0.0165578
0.0166714
0.0167123
0.0168231
0.0168659
0.0169737
0.0170271
0.0171172
0.0171782
0.0172665
0.0173349
0.0174149
0.0174833
0.0175665
0.0176308
0.0177122
0.0177773
0.0178593
0.0179228
0.0180023
0.0180672
0.0181444
0.0182078
0.0182854
0.0183509
0.0184256
0.0184906
0.0185643
0.0186339
0.0187038
0.0187739
0.0188414
0.0189129
0.0189779
0.0190508
0.0191161
0.0191861
0.0192512
0.0193183
0.0193885
0.0194584
0.0195222
0.0195921
0.0196501
0.0197248
0.019781
0.0198564
0.0199167
0.0199815
0.0200461
0.0201104
0.0201672
0.0202382
0.0202937
0.0203649
0.0204279
0.0204719
0.0205437
0.0206055
0.020677
0.0207172
0.0207999
0.0208383
0.0209322
0.0209707
0.0210537
0.0210902
0.021185
0.0212217
0.0213049
0.0213397
0.0214238
0.0214566
0.0215285
0.0215867
0.02163
0.0217021
0.0217442
0.0218164
0.0218573
0.0219297
0.0219693
0.0220071
0.0220975
0.0221352
0.0222079
0.0222253
0.0223173
0.0223327
0.0224256
0.022439
0.0225327
0.0225442
0.0226387
0.0226483
0.0227222
0.0227739
0.0228475
0.0228531
0.0229273
0.0229538
0.0230282
0.0230534
0.023128
0.0231519
0.0232266
0.0232492
0.0233746
0.0233985
0.0234205
0.0234683
0.0235429
0.0235346
0.0236378
0.0236275
0.0237316
0.0237193
0.0238242
0.0237784
0.0239158
0.0238671
0.0239754
0.0239548
0.0240955
0.0240413
0.0241836
0.0241612
0.0242378
0.024211
0.024323
0.0242942
0.0243717
0.0243762
0.0244168
0.0244946
0.0244972
0.0245751
0.0245764
0.0246546
0.0246545
0.0247329
0.0247315
0.0248495
0.0246791
0.0249263
0.0247516
0.025002
0.0248682
0.0250766
0.0249843
0.0251501
0.0250549
0.0252225
0.0250779
0.0252497
0.0251455
0.0253191
0.0251629
0.0253409
0.0252276
0.0254546
0.0252911
0.0255207
0.0253536
0.0255856
0.0254149
0.0255999
0.0254751
0.0256619
0.0255342
0.0257228
0.0255367
0.0257826
0.0255355
0.0257329
0.0255897
0.0257324
0.0256428
0.0257283
0.0256949
0.0258397
0.0257458
0.0258917
0.0257334
0.0259426
0.0257813
0.0259924
0.0258282
0.0260411
0.0258083
0.0260887
0.0258522
0.0261353
0.0258951
0.0261808
0.0259368
0.0261597
0.0259775
0.026135
0.0260868
0.0261757
0.0261262
0.0262153
0.0261644
0.0262539
0.0262017
0.0262914
0.0262378
0.0263278
0.0262729
0.0263632
0.026307
0.0263236
0.0264143
0.0263561
0.026447
0.026463
0.0264787
0.0264942
0.0265094
0.0264472
0.026539
0.0264755
0.0265677
0.026423
0.0265952
0.0264485
0.0267007
0.0265543
0.026727
0.0265785
0.0267524
0.0267647
0.0266954
0.0267885
0.0267179
0.0266451
0.0267393
0.0266653
0.0267598
0.0267697
0.0266937
0.0267027
0.0267114
0.0267199
0.0267281
0.0268237
0.0266547
0.0268398
0.0267586
0.0268548
0.0267723
0.0268689
0.0268756
0.026882
0.0268882
0.0268942
0.0268999
0.0269054
0.0269106
0.0271892
0.0268266
0.0272009
0.0268346
0.0272117
0.0268417
0.0271289
0.0267506
0.0272303
0.0267549
0.0271441
0.0266585
0.0270543
0.0266602
0.0270587
0.0265584
0.0269636
0.0265574
0.0269654
0.0265556
0.0267624
0.0265528
0.0268641
0.0264423
0.0269654
0.0265446
0.0268598
0.0267529
0.0268564
0.026641
0.026852
0.0266346
0.0268467
0.0265175
0.0268406
0.0266192
0.0269415
0.0264987
0.027042
0.0264881
0.0271422
0.0264765
0.0272421
0.0264642
0.0272349
0.0265655
0.0270085
0.0265523
0.0269979
0.0266533
0.0269866
0.0266392
0.0269744
0.0266242
0.0269614
0.0266084
0.0269476
0.0268253
0.026933
0.0266925
0.0268012
0.026675
0.0267842
0.0266568
0.0267664
0.0266378
0.0268664
0.026618
0.0267283
0.0265974
0.0267081
0.0266978
0.0268082
0.0266764
0.0266654
0.0266543
0.026643
0.0267544
0.0266197
0.0267315
0.0265957
0.0267079
0.0265709
0.0266835
0.0266711
0.0265324
0.0266456
0.0265058
0.0267455
0.0264784
0.02697
0.0264504
0.0269446
0.0262915
0.0267922
0.0261293
0.0267647
0.0260976
0.0267364
0.0260652
0.0267074
0.0258969
0.0266777
0.0259983
0.0265162
0.0259639
0.0264844
0.0260652
0.0264519
0.0260301
0.0264187
0.0258565
0.0263849
0.0258194
0.0263504
0.0257817
0.0261786
0.0256022
0.026142
0.0255624
0.0261048
0.025806
0.0259272
0.0257665
0.025888
0.0255833
0.0257059
0.0255418
0.0256648
0.025644
0.025623
0.0256019
0.0255807
0.0255593
0.0256829
0.025516
0.0254942
0.0254722
0.0254501
0.0255746
0.0254053
0.0255303
0.0256549
0.0256327
0.025757
0.0255879
0.0255653
0.0255426
0.0256676
0.025645
0.0257698
0.0255992
0.0257244
0.0255529
0.0255295
0.0256553
0.025632
0.0254585
0.0255849
0.0255612
0.0256873
0.0256637
0.0257895
0.0256159
0.0257422
0.0255677
0.0256943
0.0255189
0.0256459
0.0254696
0.025597
0.0252663
0.0253948
0.0252154
0.0253442
0.0251639
0.0252931
0.0254219
0.0253963
0.0253707
0.0253449
0.025319
0.025293
0.0252669
0.0252406
0.0253702
0.0251877
0.0253177
0.0251344
0.0254209
0.0249221
0.0253681
0.0248672
0.0253148
0.0249716
0.025261
0.0249164
0.0253644
0.0246999
0.0253103
0.0248047
0.0252557
0.0247482
0.0253591
0.0246912
0.0254621
0.0246338
0.0254074
0.0245761
0.0251932
0.0246811
0.025137
0.0247859
0.0249192
0.024728
0.0248616
0.0248327
0.0249659
0.0247745
0.024908
0.0247158
0.0248498
0.0246568
0.0247911
0.0247616
0.024732
0.0247023

0.0126494
0.0126806
0.0128211
0.0128529
0.012996
0.0131405
0.0131741
0.0133214
0.0133555
0.0135055
0.0135403
0.0136931
0.0136681
0.0138238
0.0138586
0.0139551
0.0139254
0.0141509
0.0141205
0.0143503
0.0143856
0.0146194
0.0145893
0.0148276
0.0147969
0.0150397
0.0150082
0.0151859
0.0151517
0.0154047
0.0152958
0.0156275
0.0155163
0.0157797
0.015741
0.0160094
0.0159698
0.0163986
0.0162029
0.0165614
0.0165219
0.0166432
0.016848
0.016889
0.0170978
0.0171395
0.0174375
0.0174814
0.0176985
0.0177431
0.0180524
0.0179194
0.0183251
0.0181892
0.018603
0.0184641
0.018886
0.01884
0.0191745
0.0190294
0.0194683
0.01942
0.0197677
0.0199195
0.0199714
0.020125
0.0202801
0.0207475
0.0207001
0.0210713
0.0210227
0.0212942
0.0212416
0.0215181
0.0215742
0.0218561
0.0217978
0.0222004
0.0220221
0.0224333
0.0222472
0.0227883
0.0225982
0.02315
0.0230825
0.0235185
0.0237053
0.023765
0.0240842
0.0244068
0.0244701
0.024799
0.0247278
0.0250627
0.0251256
0.025467
0.0255308
0.0257363
0.0257986
0.0261529
0.0262161
0.0265773
0.0266414
0.0270096
0.0270747
0.02745
0.0270376
0.0278986
0.0276412
0.0281934
0.0280924
0.0286554
0.0283815
0.0291261
0.0288461
0.0296055
0.0293194
0.0299168
0.0298013
0.0304104
0.0301062
0.0307277
0.0307921
0.031236
0.0314937
0.0315593
0.0318197
0.03148
0.0321461
0.0320006
0.0324728
0.0325308
0.0332231
0.0330706
0.0337765
0.0334001
0.0341201
0.0337293
0.0344638
0.0342901
0.0350389
0.0346245
0.0356244
0.0354426
0.0362206
0.0360345
0.0368276
0.0371353
0.037695
0.0377588
0.0383292
0.0383937
0.0387154
0.03904
0.0393675
0.039698
0.0400314
0.0403678
0.0407072
0.0413279
0.0413952
0.0414583
0.0418072
0.0418663
0.0428084
0.0425738
0.0429323
0.043294
0.0436589
0.0437144
0.0447122
0.0444542
0.045151
0.0452072
0.045917
0.0459735
0.0463617
0.0464132
0.0468049
0.0468513
0.0475987
0.0476452
0.0480473
0.048453
0.0484939
0.049645
0.0493158
0.0504887
0.0497671
0.0513473
0.0502157
0.0522209
0.0510659
0.0531098
0.0515184
0.0540141
0.0515429
0.0549342
0.0519781
0.0558704
0.0532985
0.0568227
0.0541991
0.0573502
0.0541904
0.0574201
0.0546293
0.0583961
0.0550631
0.0589137
0.0559893
0.0599141
0.0564236
0.0604353
0.0578891
0.0609521
0.0583357
0.0619848
0.0576883
0.0619705
0.0586535
0.0619226
0.0590663
0.0629662
0.0600531
0.0640274
0.0610564
0.0651064
0.0614716
0.06501
0.0624969
0.0648754
0.0629082
0.0659621
0.06331
0.0657814
0.0637015
0.0662205
0.0647582
0.067324
0.0658321
0.0670683
0.065517
0.0674758
0.0658785
0.0678718
0.0662274
0.0689942
0.0673168
0.0701348
0.0676555
0.0712937
0.0679799
0.0724712
0.0682895
0.0728709
0.0694046
0.0740713
0.0705374
0.0744605
0.0708355
0.0731279
0.0711165
0.073448
0.0722707
0.0737509
0.0716248
0.0722007
0.072781
0.0733658
0.073955
0.073592
0.0722412
0.0737976
0.0733972
0.0749807
0.0735596
0.0741436
0.0736991
0.0742823
0.0738148
0.0754619
0.0728253
0.0733963
0.0739715
0.0723206
0.0751347
0.0734511
0.0740225
0.0711059
0.074006
0.0710142
0.0751566
0.0696729
0.0751055
0.0707373
0.0762672
0.0705503
0.0736375
0.0716219
0.0747631
0.0727085
0.0745825
0.0738103
0.0716601
0.0721961
0.0713536
0.0718846
0.0710092
0.0729574
0.0691845
0.0696915
0.0687321
0.0677471
0.0682378
0.0687316
0.0692287
0.0681873
0.0686772
0.0675984
0.0680809
0.0669639
0.069055
0.0646462
0.0667486
0.0605427
0.0643282
0.0613726
0.0617914
0.0604786
0.0626366
0.0577628
0.058146
0.0567292
0.0534593
0.0556401
0.0541472
0.0544941
0.0529553
0.0532901
0.0517046
0.0500862
0.0464736
0.0447702
0.0450309
0.0432782
0.0414912
0.041722
0.0357409
0.0359221
0.029774
0.0341608
0.0300351
0.0323309
0.0259306
0.0260272
0.0216798
0.0172564
0.00144061
0.00818211
0.00337104
0.00344392
0.00599671
0.00326737
0.0110764
0.00649148
0.0163109
0.0116916
0.0265977
0.0195182
0.0297343
0.0325856
0.0405169
0.0434839
0.0439352
0.0495374
0.052624
0.0609626
0.05629
0.0674064
0.0706884
0.0686578
0.0800614
0.0780649
0.0869396
0.0876984
0.0939775
0.0920047
0.0983841
0.0935806
0.108531
0.106584
0.113188
0.128448
0.117934
0.136291
0.131543
0.138444
0.139524
0.161247
0.153604
0.172584
0.170907
0.187079
0.179483
0.192842
0.194248
0.201711
0.206196
0.213756
0.215269
0.222919
0.233672
0.232212
0.249199
0.238523
0.264887
0.251173
0.26844
0.263971
0.275117
0.27691
0.281857
0.296249
0.298135
0.309447
0.311386
0.332072
0.324744
0.34547
0.341335
0.352767
0.348596
0.366333
0.359067
0.379964
0.37591
0.393649
0.39588
0.410434
0.424856
0.414999
0.435572
0.437934
0.452274
0.454683
0.463032
0.477192
0.476742
0.490823
0.490424
0.498692
0.501179
0.515129
0.50903
0.523002
0.52265
0.530858
0.536198
0.547142
0.549662
0.554967
0.56303
0.565544
0.573562
0.573308
0.586745
0.583798
0.594455
0.602308
0.60212
0.620385
0.615075
0.630511
0.630454
0.640548
0.643029
0.650489
0.657866
0.657874
0.665208
0.670061
0.674886
0.682042
0.682078
0.693804
0.691555
0.700849
0.705471
0.707811
0.712387
0.719136
0.721434
0.730211
0.734604
0.73474
0.743278
0.743426
0.755769
0.7478

0.0404809
0.041209
0.0420091
0.042768
0.0435979
0.0443888
0.0452495
0.0460841
0.0469665
0.0478503
0.0487514
0.0496702
0.0506008
0.0515658
0.05253
0.0535332
0.0545406
0.0555765
0.0566247
0.0576985
0.0587909
0.059908
0.0610445
0.0622026
0.0633843
0.0645875
0.0658161
0.0670662
0.0683418
0.0696422
0.0709678
0.0723192
0.0736914
0.0751011
0.0765177
0.077995
0.0794632
0.080999
0.0825238
0.0841201
0.0856893
0.0873635
0.0889921
0.0907312
0.0924232
0.0942303
0.0960037
0.0978595
0.0997063
0.101634
0.103552
0.105544
0.107559
0.109599
0.111706
0.113839
0.116023
0.118226
0.120499
0.122779
0.125132
0.127505
0.129935
0.13241
0.134931
0.137481
0.140114
0.14276
0.145503
0.148236
0.151079
0.153932
0.156867
0.159819
0.16286
0.165922
0.169071
0.172246
0.175507
0.178798
0.182163
0.185596
0.189047
0.192623
0.196191
0.199898
0.203554
0.207417
0.21116
0.2152
0.219065
0.223258
0.227236
0.231564
0.23573
0.240133
0.244335
0.248966
0.253332
0.258007
0.262531
0.267362
0.271998
0.276988
0.281848
0.28699
0.291992
0.297389
0.30243
0.307879
0.313286
0.31864
0.32419
0.329505
0.335511
0.340365
0.347122
0.352071
0.35885
0.363813
0.371019
0.376322
0.383462
0.388853
0.395725
0.401643
0.408407
0.414383
0.42129
0.426967
0.434676
0.43964
0.448891
0.452375
0.461719
0.465652
0.47529
0.479034
0.488064
0.493062
0.501219
0.50662
0.512459
0.519555
0.522245
0.532378
0.534656
0.545056
0.548732
0.559246
0.556843
0.570763
0.570701
0.58385
0.582204
0.596783
0.590846
0.606191
0.598719
0.613546
0.605779
0.625446
0.615332
0.628105
0.620923
0.637435
0.615656
0.646298
0.616468
0.649053
0.603771
0.635345
0.609047
0.626935
0.613788
0.626736
0.620765
0.619877
0.624506
0.614329
0.606384
0.597798
0.560922
0.571716
0.557358
0.54214
0.541617
0.492809
0.516199
0.468683
0.492721
0.415474
0.454035
0.362844
0.417099
0.35164
0.372932
0.31468
0.316058
0.255133
0.277218
0.230615
0.220776
0.167163
0.162299
0.135186
0.096523
0.0517514
0.0122362
0.00094915
0.0846104
0.0332647
0.141964
0.102231
0.199311
0.171294
0.256366
0.223064
0.274061
0.257679
0.319415
0.308828
0.347881
0.397122
0.376112
0.440646
0.404067
0.467834
0.421071
0.514836
0.459003
0.545777
0.491063
0.585553
0.502228
0.600859
0.52846
0.63425
0.559157
0.644374
0.598678
0.645403
0.618376
0.664213
0.633124
0.669551
0.647653
0.692131
0.661957
0.705724
0.676032
0.723182
0.698473
0.748129
0.711932
0.756778
0.725145
0.765292
0.746132
0.777433
0.754758
0.778173
0.759358
0.790016
0.775426
0.79798
0.772242
0.794997
0.784208
0.802849
0.781014
0.807009
0.785318
0.821578
0.793281
0.825535
0.801102
0.826033
0.808779
0.836604
0.81631
0.840349
0.813181
0.844033
0.817095
0.844414
0.813906
0.844765
0.81423
0.845091
0.814531
0.845393
0.814812
0.845673
0.81862
0.845934
0.822381
0.842896
0.826097
0.836458
0.829769
0.833293
0.829981
0.836885
0.830185
0.840436
0.833799
0.843948
0.837375
0.847422
0.837563
0.847607
0.841097
0.847789
0.841279
0.847969
0.844775
0.844864
0.851485
0.851573
0.85166
0.845215
0.851834
0.845389
0.848757
0.845561
0.845646
0.852261
0.845816
0.849181
0.849264
0.849347
0.846149
0.852758
0.846312
0.85292
0.846474
0.856292
0.846633
0.85645
0.846791
0.859785
0.846948
0.859939
0.847103
0.863236
0.843945
0.863387
0.847408
0.863536
0.850836
0.863684
0.854228
0.863829
0.854373
0.86083
0.857724
0.860968
0.857861
0.861103
0.857993
0.861232
0.858119
0.861355
0.858239
0.861472
0.858352
0.861581
0.858457
0.861682
0.858554
0.8586
0.852191
0.855476
0.852273
0.855553
0.852346
0.858832
0.852411
0.858894
0.849193
0.858949
0.849244
0.855788
0.845979
0.85583
0.846019
0.855868
0.846054
0.85911
0.846084
0.859138
0.842766
0.859162
0.842788
0.859183
0.83943
0.859202
0.842824
0.859217
0.839461
0.859231
0.839474
0.859242
0.839484
0.859252
0.839493
0.852807
0.839501
0.852815
0.839508
0.852821
0.839514
0.852826
0.836108
0.849554
0.832668
0.849558
0.829195
0.849561
0.825689
0.849564
0.82215
0.849567
0.822152
0.849569
0.822154
0.849571
0.814974
0.849572
0.814976
0.849574
0.814977
0.849575
0.814978
0.846265
0.814979
0.842922
0.81498
0.839545
0.811342
0.839546
0.811342
0.839546
0.811343
0.839547
0.811343
0.839547
0.811344
0.839548
0.811344
0.839548
0.807673
0.839548
0.807674
0.839549
0.807674
0.839549
0.807674
0.839549
0.803971
0.839549
0.803972
0.839549
0.803972
0.83955
0.803972
0.83955
0.800237
0.83955
0.800238
0.83955
0.796471
0.836139
0.784984
0.836139
0.784985
0.832695
0.784985
0.832696
0.781094
0.832696
0.777172
0.832696
0.773219
0.832696
0.769236
0.832696
0.765222
0.82571
0.761178
0.82571
0.761179
0.822168
0.757105
0.822168
0.757105
0.822168
0.757105
0.818593

0.00796156
0.00801691
0.00831708
0.00837378
0.00869456
0.00875268
0.00909529
0.00915489
0.00952066
0.00958178
0.00993091
0.0100787
0.0104069
0.0105627
0.010912
0.0110761
0.0114988
0.0116208
0.0120708
0.0122561
0.0127357
0.0128729
0.0133833
0.0133946
0.0140036
0.0141501
0.0147272
0.0148807
0.0154944
0.0156552
0.0162257
0.0163895
0.0170823
0.0172539
0.0180838
0.0182688
0.0190524
0.019455
0.0198649
0.0206149
0.0209383
0.0217346
0.0220757
0.022921
0.023411
0.0243105
0.0246963
0.0256508
0.0259097
0.0270706
0.0274998
0.0287339
0.0290271
0.0305057
0.0309988
0.0323929
0.0329212
0.0344027
0.0347715
0.0363436
0.0369406
0.0386108
0.0392504
0.0408002
0.0419426
0.0431179
0.0443272
0.0453153
0.0468511
0.0481677
0.0498011
0.0509154
0.0526454
0.0538227
0.0553389
0.0575473
0.0588379
0.0611832
0.0622048
0.0650497
0.0661422
0.0699135
0.0703283
0.0747174
0.0743572
0.0794256
0.0795052
0.0839887
0.086366
0.0901942
0.0927479
0.0953721
0.0985664
0.102367
0.104214
0.109816
0.11073
0.116653
0.117636
0.125611
0.125566
0.133961
0.134621
0.142201
0.142916
0.150913
0.155117
0.159427
0.165258
0.16983
0.174515
0.180827
0.185787
0.194743
0.198483
0.207081
0.21269
0.219254
0.225985
0.232027
0.240819
0.247197
0.254612
0.264007
0.26808
0.278833
0.283072
0.295251
0.301738
0.312353
0.321158
0.330128
0.343294
0.348556
0.36314
0.371795
0.384612
0.393584
0.405688
0.414929
0.424259
0.440688
0.446342
0.461051
0.470861
0.481731
0.492673
0.504674
0.515734
0.525835
0.539908
0.550104
0.562226
0.572435
0.58454
0.594723
0.604858
0.619614
0.627886
0.641511
0.654772
0.663918
0.676095
0.687309
0.696242
0.707896
0.717313
0.729676
0.737676
0.747849
0.757768
0.765919
0.774952
0.784712
0.791399
0.800805
0.808556
0.81654
0.823451
0.83103
0.837964
0.845098
0.851202
0.85792
0.864016
0.869904
0.875585
0.881062
0.886337
0.891412
0.896668
0.900977
0.905851
0.910503
0.914298
0.918592
0.922677
0.9263
0.929763
0.93333
0.936492
0.939513
0.942613
0.945543
0.948171
0.950681
0.953077
0.955364
0.957547
0.95963
0.961749
0.96351
0.965448
0.967166
0.968802
0.970358
0.971836
0.973239
0.97457
0.975831
0.977026
0.978254
0.979224
0.980334
0.981352
0.982255
0.983109
0.983916
0.984679
0.985402
0.986087
0.986737
0.987355
0.987944
0.988505
0.989041
0.989591
0.990047
0.990558
0.991015
0.991454
0.991877
0.992289
0.99268
0.993066
0.993435
0.99379
0.994133
0.994463
0.99478
0.995086
0.995378
0.995658
0.995925
0.99618
0.996422
0.996651
0.996867
0.997071
0.997262
0.99744
0.997607
0.997761
0.997905
0.998037
0.998158
0.998269
0.998371
0.998463
0.998548
0.998624
0.998693
0.998755
0.998811
0.998861
0.998906
0.998946
0.998982
0.999014
0.999043
0.999069
0.999091
0.999111
0.999129
0.999145
0.999159
0.999172
0.999183
0.999193
0.999201
0.999209
0.999216
0.999222
0.999227
0.999232
0.999236
0.99924
0.999243
0.999246
0.999248
0.99925
0.999252
0.999254
0.999256
0.999257
0.999258
0.999259
0.99926
0.999261
0.999262
0.999262
0.999263
0.999263
0.999264
0.999264
0.999264
0.999265
0.999265
0.999265
0.999265
0.999265
0.999266
0.999266
0.999266
0.999266
0.999266
0.999266
0.999266
0.999266
0.999266
0.999266
0.999266
0.999266
0.999266
0.999266
0.999266
0.999266
0.999266
0.999266
0.999266
0.999266
0.999267
0.999267
0.999267
0.999267
0.999267
0.999267
0.999267
0.999267
0.999267
0.999267
0.999267
0.999267
0.999267
0.999267
0.999267
0.999267
0.999267
0.999267
0.999267
0.999267
0.999267
0.999267
0.999267
0.999267
0.999267
0.999267
0.999267
0.999267
0.999267
0.999267
0.999267
0.999267
0.999267
0.999267
0.999267
0.999267
0.999267
0.999267
0.999267
0.999267
0.999267
0.999267
0.999267
0.999267
0.999267
0.999267
0.999266
0.999266
0.999266
0.999266
0.999266
0.999266
0.999266
0.999266
0.999266
0.999266
0.999266
0.999266
0.999266
0.999266
0.999266
0.999266
0.999266
0.999266
0.999266
0.999266
0.999266
0.999266
0.999266
0.999266
0.999266
0.999266
0.999266
0.999266
0.999266
0.999266
0.999266
0.999266
0.999266
0.999266
0.999266
0.999266
0.999266
0.999266
0.999266
0.999266
0.999266
0.999266
0.999266
0.999266
0.999266
0.999266
0.999266
0.999266
0.999266
0.999266
0.999266
0.999266
0.999266
0.999266
0.999266
0.999266
0.999266
0.999266
0.999266
0.999266
0.999266
0.999266
0.999266
0.999266
0.999266
0.999266
0.999266
0.999266
0.999266
0.999266
0.999266
0.999266
0.999266
0.999266
0.999266
0.999266
0.999266
0.999266
0.999266
0.999266
0.999266
0.999266
0.999266
0.999266
0.999266
0.999266
0.999266
0.999266
0.999266
0.999266
0.999266
0.999266
0.999266
0.999266
0.999266
0.999266
0.999266
0.999266
0.999266
0.999266
0.999266
0.999266
0.999266
0.999266
0.999266
0.999266
0.999266
0.999266
0.999266
0.999266
0.999266
0.999266
0.999266

0.0216767
0.0226272
0.0233524
0.0243785
0.0251592
0.0259588
0.0271074
0.0277944
0.0292082
0.0298501
0.0314737
0.0321626
0.0339167
0.0346562
0.0365513
0.0373453
0.0395128
0.0401103
0.0421905
0.0432261
0.0453255
0.046586
0.0486911
0.050209
0.0523041
0.0541156
0.0565664
0.0577105
0.0609718
0.0622008
0.0654972
0.066795
0.0705985
0.071723
0.0755632
0.0775936
0.0808549
0.0836291
0.0868198
0.0887473
0.0935679
0.095638
0.100065
0.102224
0.107826
0.109686
0.115721
0.118168
0.124169
0.126751
0.132656
0.13651
0.140434
0.146358
0.151195
0.156171
0.161287
0.168066
0.172748
0.178334
0.184938
0.189953
0.195987
0.202172
0.207456
0.21167
0.216978
0.222312
0.222381
0.230269
0.229588
0.240687
0.241004
0.24418
0.241651
0.244048
0.24412
0.237197
0.238127
0.219385
0.228817
0.204119
0.196306
0.187518
0.168471
0.166916
0.138371
0.117906
0.12106
0.0724026
0.0665988
0.0368048
0.00267706
0.0274942
0.070208
0.0930699
0.15132
0.184787
0.227706
0.253747
0.293371
0.354899
0.364653
0.42175
0.469561
0.508461
0.562111
0.598963
0.62043
0.67261
0.705555
0.715512
0.755346
0.778656
0.800811
0.81445
0.83231
0.849181
0.858765
0.869996
0.878684
0.888874
0.898496
0.90755
0.912753
0.922442
0.929916
0.935493
0.943228
0.94795
0.953394
0.95833
0.961931
0.965235
0.968255
0.971005
0.974534
0.974713
0.977769
0.978412
0.980229
0.980801
0.982453
0.983646
0.984183
0.985593
0.986827
0.987167
0.988359
0.989089
0.989797
0.990479
0.991136
0.991766
0.992368
0.992942
0.993486
0.994
0.994484
0.994938
0.995361
0.995754
0.996117
0.996452
0.996933
0.997212
0.997464
0.997691
0.998032
0.998076
0.99853
0.998614
0.998797
0.998906
0.999
0.999082
0.999153
0.999214
0.999267
0.999312
0.99937
0.999383
0.999431
0.999455
0.999475
0.999493
0.999507
0.99952
0.99953
0.999539
0.999547
0.999553
0.999559
0.999563
0.999567
0.999571
0.999573
0.999576
0.999578
0.999579
0.999581
0.999582
0.999583
0.999584
0.999584
0.999585
0.999585
0.999586
0.999586
0.999586
0.999587
0.999587
0.999587
0.999587
0.999587
0.999587
0.999588
0.999588
0.999588
0.999588
0.999588
0.999588
0.999588
0.999588
0.999588
0.999588
0.999588
0.999588
0.999588
0.999588
0.999588
0.999588
0.999588
0.999588
0.999588
0.999588
0.999588
0.999588
0.999588
0.999588
0.999588
0.999588
0.999588
0.999588
0.999588
0.999588
0.999588
0.999588
0.999588
0.999588
0.999588
0.999588
0.999588
0.999588
0.999588
0.999588
0.999588
0.999588
0.999588
0.999588
0.999588
0.999588
0.999588
0.999588
0.999588
0.999588
0.999588
0.999588
0.999588
0.999588
0.999588
0.999588
0.999588
0.999588
0.999588
0.999588
0.999588
0.999588
0.999588
0.999588
0.999588
0.999588
0.999588
0.999588
0.999588
0.999588
0.999588
0.999588
0.999588
0.999588
0.999588
0.999588
0.999588
0.999588
0.999588
0.999588
0.999588
0.999588
0.999588
0.999588
0.999588
0.999588
0.999588
0.999588
0.999588
0.999588
0.999588
0.999588
0.999588
0.999588
0.999588
0.999588
0.999588
0.999588
0.999588
0.999588
0.999588
0.999588
0.999588
0.999588
0.999588
0.999588
0.999588
0.999588
0.999588
0.999588
0.999588
0.999588
0.999588
0.999588
0.999588
0.999588
0.999588
0.999588
0.999588
0.999588
0.999588
0.999588
0.999588
0.999588
0.999588
0.999588
0.999588
0.999588
0.999588
0.999588
0.999588
0.999588
0.999588
0.999588
0.999588
0.999588
0.999588
0.999588
0.999588
0.999588
0.999588
0.999588
0.999588
0.999588
0.999588
0.999588
0.999588
0.999588
0.999588
0.999588
0.999588
0.999588
0.999588
0.999588
0.999588
0.999588
0.999588
0.999588
0.999588
0.999588
0.999588
0.999588
0.999588
0.999588
0.999588
0.999588
0.999588
0.999588
0.999588
0.999588
0.999588
0.999588
0.999588
0.999588
0.999588
0.999588
0.999588
0.999588
0.999588
0.999588
0.999588
0.999588
0.999588
0.999588
0.999588
0.999588
0.999588
0.999588
0.999588
0.999588
0.999588
0.999588
0.999588
0.999588
0.999588
0.999588
0.999588
0.999588
0.999588
0.999588
0.999588
0.999588
0.999588
0.999588
0.999588
0.999588
0.999588
0.999588
0.999588
0.999588
0.999588
0.999588
0.999588
0.999588
0.999588
0.999588
0.999588
0.999588
0.999588
0.999588
0.999588
0.999588
0.999588
0.999588
0.999588
0.999588
0.999588
0.999588
0.999588
0.999588
0.999588
0.999588
0.999588
0.999588
0.999588
0.999588
0.999588
0.999588
0.999588
0.999588
0.999588
0.999588
0.999588
0.999588
0.999588
0.999588
0.999588
0.999588
0.999588
0.999588
0.999588
0.999588
0.999588
0.999588
0.999588
0.999588
0.999588
0.999588
0.999588
0.999588
0.999588
0.999588
0.999588
0.999588
0.999588
0.999588
0.999588
0.999588
0.999588
0.999588
0.999588
0.999588
0.999588
0.999588
0.999588
0.999588
0.999588
0.999588
0.999588
0.999588
0.999588
0.999588
0.999588
0.999588

0.027233
0.0283307
0.0299582
0.0311663
0.0328274
0.0342919
0.0359726
0.0375761
0.0395891
0.0408104
0.043006
0.0449154
0.0473352
0.0494373
0.0518673
0.0541666
0.0570931
0.0587772
0.0628457
0.0643768
0.0682011
0.0701444
0.0743293
0.0767964
0.0805582
0.0827211
0.0877056
0.0899964
0.0938515
0.0972906
0.102018
0.105069
0.108805
0.111172
0.114983
0.121316
0.121068
0.128683
0.126962
0.137121
0.127988
0.143456
0.136421
0.148053
0.140815
0.139682
0.144422
0.139044
0.143454
0.136501
0.13036
0.125323
0.117154
0.107835
0.0897521
0.0749706
0.0642117
0.0379015
0.0334427
0.0058894
0.0124348
0.0362025
0.071844
0.102405
0.112731
0.164318
0.184043
0.253663
0.286853
0.331986
0.392137
0.430344
0.45789
0.520062
0.523499
0.593481
0.61354
0.648494
0.673595
0.706309
0.729681
0.757153
0.780821
0.798878
0.818189
0.834467
0.846141
0.867694
0.874691
0.890554
0.903548
0.910571
0.920667
0.929839
0.937249
0.943233
0.948765
0.953195
0.95855
0.962311
0.965271
0.968529
0.971533
0.974293
0.976405
0.978329
0.980491
0.982073
0.98421
0.985792
0.987204
0.98846
0.989572
0.990552
0.991322
0.992026
0.992674
0.993399
0.993954
0.994473
0.994962
0.995423
0.995858
0.996268
0.996653
0.997013
0.997346
0.997653
0.997932
0.998184
0.99841
0.998609
0.998783
0.998934
0.999064
0.999175
0.99927
0.999349
0.999415
0.999471
0.999517
0.999555
0.999587
0.999613
0.999635
0.999652
0.999667
0.999679
0.999689
0.999697
0.999704
0.999709
0.999714
0.999717
0.99972
0.999723
0.999725
0.999727
0.999728
0.99973
0.999731
0.999731
0.999732
0.999733
0.999733
0.999734
0.999734
0.999734
0.999735
0.999735
0.999735
0.999735
0.999735
0.999736
0.999736
0.999736
0.999736
0.999736
0.999736
0.999736
0.999736
0.999736
0.999736
0.999736
0.999736
0.999736
0.999736
0.999736
0.999736
0.999736
0.999736
0.999736
0.999736
0.999736
0.999736
0.999736
0.999736
0.999736
0.999736
0.999736
0.999736
0.999736
0.999736
0.999736
0.999736
0.999736
0.999736
0.999736
0.999736
0.999736
0.999736
0.999736
0.999736
0.999736
0.999736
0.999736
0.999736
0.999736
0.999736
0.999736
0.999736
0.999736
0.999736
0.999736
0.999736
0.999736
0.999736
0.999736
0.999736
0.999736
0.999736
0.999736
0.999736
0.999736
0.999736
0.999736
0.999736
0.999736
0.999736
0.999736
0.999736
0.999736
0.999736
0.999736
0.999736
0.999736
0.999736
0.999736
0.999736
0.999736
0.999736
0.999736
0.999736
0.999736
0.999736
0.999736
0.999736
0.999736
0.999736
0.999736
0.999736
0.999736
0.999736
0.999736
0.999736
0.999736
0.999736
0.999736
0.999736
0.999736
0.999736
0.999736
0.999736
0.999736
0.999736
0.999736
0.999736
0.999736
0.999736
0.999736
0.999736
0.999736
0.999736
0.999736
0.999736
0.999736
0.999736
0.999736
0.999736
0.999736
0.999736
0.999736
0.999736
0.999736
0.999736
0.999736
0.999736
0.999736
0.999736
0.999736
0.999736
0.999736
0.999736
0.999736
0.999736
0.999736
0.999736
0.999736
0.999736
0.999736
0.999736
0.999736
0.999736
0.999736
0.999736
0.999736
0.999736
0.999736
0.999736
0.999736
0.999736
0.999736
0.999736
0.999736
0.999736
0.999736
0.999736
0.999736
0.999736
0.999736
0.999736
0.999736
0.999736
0.999736
0.999736
0.999736
0.999736
0.999736
0.999736
0.999736
0.999736
0.999736
0.999736
0.999736
0.999736
0.999736
0.999736
0.999736
0.999736
0.999736
0.999736
0.999736
0.999736
0.999736
0.999736
0.999736
0.999736
0.999736
0.999736
0.999736
0.999736
0.999736
0.999736
0.999736
0.999736
0.999736
0.999736
0.999736
0.999736
0.999736
0.999736
0.999736
0.999736
0.999736
0.999736
0.999736
0.999736
0.999736
0.999736
0.999736
0.999736
0.999736
0.999736
0.999736
0.999736
0.999736
0.999736
0.999736
0.999736
0.999736
0.999736
0.999736
0.999736
0.999736
0.999736
0.999736
0.999736
0.999736
0.999736
0.999736
0.999736
0.999736
0.999736
0.999736
0.999736
0.999736
0.999736
0.999736
0.999736
0.999736
0.999736
0.999736
0.999736
0.999736
0.999736
0.999736
0.999736
0.999736
0.999736
0.999736
0.999736
0.999736
0.999736
0.999736
0.999736
0.999736
0.999736
0.999736
0.999736
0.999736
0.999736
0.999736
0.999736
0.999736
0.999736
0.999736
0.999736
0.999736
0.999736
0.999736
0.999736
0.999736
0.999736
0.999736
0.999736
0.999736
0.999736
0.999736
0.999736
0.999736
0.999736
0.999736
0.999736
0.999736
0.999736
0.999736
0.999736
0.999736
0.999736
0.999736
0.999736
0.999736
0.999736
0.999736
0.999736
0.999736
0.999736
0.999736
0.999736
0.999736
0.999736
0.999736
0.999736
0.999736
0.999736
0.999736
0.999736
0.999736
0.999736
0.999736
0.999736
0.999736
0.999736
0.999736
0.999736
0.999736
0.999736
0.999736
0.999736
0.999736
0.999736
0.999736
0.999736
0.999736
0.999736
0.999736
0.999736
0.999736
0.999736
0.999736

