0.0656453
0.0215239
0.0310151
0.0574954
0.0573338
0.112791
0.149072
0.151323
0.155236
0.103609
0.0828396
0.156846
0.191182
0.199686
0.216525
0.245859
0.241099
0.19695
0.136724
0.115369
0.0505165
0.0317402
0.068355
0.0658905
0.103456
0.157063
0.130887
0.118971
0.13238
0.122183
0.162187
0.175213
0.142205
0.159003
0.140656
0.0905112
0.0707088
0.0899826
0.109271
0.0817438
0.0551605
0.0841459
0.053808
0.0132654
0.0415403
0.0970377
0.123615
0.0780634
0.0687608
0.035247
0.024861
0.0216685
1.98799e-05
0.0283296
0.0783088
0.0422519
0.00662094
0.0160855
0.00513812
0.0243398
0.074278
0.0562272
0.0228076
0.0346028
0.0241406
0.0550709
0.0395532
0.00365819
0.0482828
0.135229
0.152881
0.108373
0.11131
0.121985
0.127737
0.125885
0.0663469
0.0329039
0.0756383
0.0805632
0.0338684
0.00454124
0.0149507
0.0364216
0.00506739
0.0365917
0.00977688
0.0131577
0.0163697
0.0172146
0.0602572
0.0414748
0.00928235
0.0143817
0.0288793
0.0676624
0.13357
0.116371
0.106664
0.148576
0.105605

0.082022
0.109577
0.108384
0.141839
0.110316
0.104473
0.0351177
0.112329
0.15045
0.23032
0.291417
0.405538
0.41177
0.503928
0.470135
0.601154
0.60833
0.645695
0.648469
0.667695
0.699579
0.703207
0.707628
0.691025
0.6851
0.717847
0.761117
0.767262
0.699439
0.741301
0.73759
0.722582
0.724213
0.727699
0.753377
0.735745
0.667731
0.755172
0.706645
0.743402
0.703879
0.722228
0.715414
0.771587
0.77145
0.757347
0.689351
0.708133
0.732012
0.717706
0.674793
0.760903
0.761007
0.751418
0.746544
0.686887
0.736913
0.676038
0.683734
0.67949
0.675783
0.6686
0.706052
0.713424
0.783118
0.727955
0.709303
0.679543
0.6661
0.697798
0.787464
0.787635
0.676612
0.692819
0.631913
0.746425
0.70603
0.660171
0.750138
0.698301
0.689964
0.683472
0.696307
0.689939
0.678638
0.676322
0.703609
0.680907
0.732457
0.739831
0.749536
0.640507
0.727806
0.629561
0.644958
0.572285
0.597501
0.688295
0.70618
0.600305
0.674915

0.0611081
0.0771847
0.140283
0.255626
0.371804
0.569165
0.709486
0.821076
0.865224
0.835469
0.868213
0.894146
0.878335
0.895297
0.861959
0.885789
0.875659
0.849108
0.908666
0.90611
0.89746
0.902964
0.854628
0.892988
0.895803
0.885334
0.884187
0.866406
0.887812
0.857403
0.863964
0.928638
0.895878
0.885825
0.880298
0.860641
0.899142
0.895649
0.873532
0.877709
0.881792
0.891454
0.891053
0.902714
0.918319
0.873403
0.857241
0.860786
0.871659
0.874435
0.873779
0.883215
0.931189
0.900379
0.89123
0.866383
0.89015
0.913102
0.87389
0.839559
0.887117
0.861482
0.901577
0.889994
0.872148
0.870296
0.878478
0.893844
0.90054
0.890733
0.883859
0.865997
0.90382
0.903162
0.85194
0.855297
0.867217
0.90402
0.907119
0.853115
0.842242
0.875338
0.888607
0.910925
0.866345
0.850702
0.860594
0.857621
0.884494
0.919669
0.886546
0.894797
0.870128
0.867659
0.869533
0.848283
0.867354
0.854334
0.831775
0.861431
0.851256

0.123108
0.20836
0.430157
0.630352
0.802819
0.86952
0.9534
0.936959
0.949378
0.925022
0.927067
0.949748
0.940491
0.931367
0.932016
0.933029
0.950735
0.924875
0.932999
0.944685
0.932157
0.94428
0.910415
0.956349
0.934919
0.940006
0.919334
0.93602
0.945546
0.942408
0.917824
0.946641
0.924909
0.956926
0.911432
0.947305
0.938708
0.938115
0.929567
0.927116
0.949752
0.944498
0.92211
0.933941
0.933295
0.952585
0.930907
0.922556
0.948542
0.929236
0.949022
0.910543
0.95015
0.938213
0.93379
0.923211
0.93821
0.943908
0.94767
0.905094
0.949239
0.927473
0.958569
0.917081
0.930337
0.94301
0.938032
0.933702
0.928155
0.941767
0.948583
0.918564
0.935996
0.936783
0.947292
0.937057
0.90576
0.951725
0.929952
0.950325
0.914881
0.93739
0.9423
0.936847
0.925376
0.939156
0.931078
0.953011
0.905539
0.949568
0.931632
0.952988
0.922923
0.923824
0.946532
0.941868
0.933116
0.930883
0.925871
0.9458
0.919879

0.0439835
0.0429272
0.00908409
0.379288
0.824939
0.935293
0.923702
0.941596
0.943868
0.917683
0.950804
0.95547
0.922417
0.935264
0.969803
0.908704
0.945365
0.936365
0.931683
0.938347
0.934812
0.933889
0.949176
0.943872
0.922414
0.959479
0.93348
0.933845
0.92057
0.951473
0.93536
0.921379
0.956514
0.93835
0.936933
0.941032
0.940119
0.924943
0.954195
0.909929
0.939347
0.963363
0.909945
0.941917
0.956636
0.930221
0.927721
0.95719
0.917078
0.946836
0.932038
0.919961
0.962265
0.931284
0.93986
0.944356
0.954249
0.91767
0.940826
0.939534
0.939471
0.918373
0.940721
0.954398
0.922016
0.959641
0.924762
0.946347
0.940304
0.927091
0.926104
0.963028
0.911794
0.923137
0.974868
0.915165
0.947592
0.942947
0.937139
0.931244
0.94496
0.907845
0.955633
0.93817
0.913273
0.96437
0.93981
0.937743
0.924616
0.957118
0.926614
0.929578
0.931959
0.946162
0.935309
0.935484
0.947225
0.930352
0.959541
0.912194
0.943282

0.0264522
0.0367882
0.435217
0.854856
0.943598
0.975151
0.95936
0.941544
0.98072
0.96757
0.945986
0.974301
0.974777
0.953893
0.947908
0.982931
0.960933
0.951034
0.964209
0.969035
0.953193
0.961508
0.957428
0.949683
0.941561
0.940358
0.913804
0.904791
0.920276
0.886824
0.883337
0.906827
0.856473
0.825368
0.860312
0.773638
0.653613
0.306604
0.00551238
0.27034
0.96047
0.182833
0.318137
0.706534
0.883777
0.880124
0.892116
0.883809
0.908681
0.887598
0.958439
0.936107
0.953593
0.969299
0.950686
0.958164
0.97502
0.965726
0.947902
0.976738
0.971404
0.95438
0.950187
0.985554
0.960347
0.950431
0.97584
0.96706
0.952911
0.965568
0.979725
0.956882
0.96523
0.964025
0.968252
0.963056
0.970719
0.958024
0.96547
0.975426
0.954384
0.966768
0.978064
0.961332
0.945303
0.981937
0.972966
0.950678
0.961718
0.981741
0.956269
0.953256
0.985797
0.967473
0.953605
0.966896
0.977348
0.958983
0.969641
0.96376
0.964071

0.0206578
0.0474699
0.105101
0.410379
0.965319
0.990262
0.990678
0.990702
0.990704
0.990704
0.990704
0.990704
0.990704
0.990704
0.990704
0.990704
0.990704
0.990704
0.990704
0.990704
0.990704
0.990704
0.990704
0.990704
0.990704
0.990704
0.990704
0.990704
0.990704
0.990704
0.990704
0.990704
0.990704
0.990704
0.990704
0.990704
0.990704
0.990704
0.990704
0.990704
0.990704
0.990704
0.990704
0.990704
0.990704
0.990704
0.990704
0.990704
0.990704
0.990704
0.990704
0.990704
0.990704
0.990704
0.990704
0.990704
0.990704
0.990704
0.990704
0.990704
0.990704
0.990704
0.990704
0.990704
0.990704
0.990704
0.990704
0.990704
0.990704
0.990704
0.990704
0.990704
0.990704
0.990704
0.990704
0.990704
0.990704
0.990704
0.990704
0.990704
0.990704
0.990704
0.990704
0.990704
0.990704
0.990704
0.990704
0.990704
0.990704
0.990704
0.990704
0.990704
0.990704
0.990704
0.990704
0.990704
0.990704
0.990704
0.990704
0.990704
0.990704

0.10434
0.562056
0.936711
0.977891
0.967619
0.961
0.968575
0.971341
0.951642
0.959072
0.966129
0.953086
0.950647
0.98203
0.95004
0.969406
0.955292
0.979628
0.943654
0.968606
0.96726
0.954234
0.970073
0.968742
0.97951
0.9523
0.987527
0.961953
0.971796
0.951067
0.98673
0.936295
0.970844
0.955186
0.964515
0.952379
0.970494
0.971104
0.953856
0.967735
0.967844
0.960939
0.95218
0.984134
0.944504
0.971328
0.957741
0.979311
0.954347
0.969566
0.976013
0.952238
0.960928
0.968379
0.950321
0.951738
0.959046
0.961156
0.947033
0.970383
0.970873
0.95984
0.962601
0.976903
0.954134
0.953906
0.969262
0.952199
0.965511
0.955275
0.99266
0.937084
0.978217
0.955795
0.956079
0.939365
0.972178
0.918196
0.930375
0.924977
0.931866
0.923481
0.846649
0.51263
0.14554
0.756597
0.278846
0.521334
0.874371
0.933123
0.946422
0.952152
0.925304
0.962341
0.930739
0.94726
0.967955
0.964545
0.952933
0.959721
0.969436

0.0260135
0.286895
0.853295
0.964706
0.965016
0.967037
0.971834
0.964332
0.968498
0.967415
0.965226
0.96952
0.960622
0.967047
0.956408
0.962155
0.965053
0.956848
0.96739
0.945469
0.944925
0.961053
0.898503
0.858963
0.629651
0.625592
0.943777
0.977051
0.954946
0.955688
0.98059
0.956557
0.958642
0.983203
0.959188
0.96111
0.977933
0.962839
0.962521
0.96306
0.971691
0.963043
0.966349
0.98146
0.963377
0.968051
0.970047
0.964442
0.969281
0.967526
0.966332
0.970114
0.972436
0.968182
0.970654
0.974973
0.946844
0.971879
0.976176
0.95047
0.974498
0.977176
0.953789
0.972702
0.977909
0.954502
0.951312
0.979111
0.959889
0.95317
0.98039
0.95935
0.94699
0.96358
0.965648
0.947937
0.93842
0.964228
0.93663
0.90386
0.91881
0.262776
0.604579
0.954932
0.959313
0.965138
0.969506
0.964953
0.968566
0.972619
0.965727
0.969147
0.973858
0.945345
0.970628
0.974794
0.950758
0.973387
0.975596
0.955583
0.966775

0.00359105
0.0844692
0.882509
0.983009
0.977428
0.973395
0.985905
0.981369
0.977889
0.972207
0.968894
0.974827
0.986787
0.979573
0.971439
0.986606
0.980562
0.977441
0.970963
0.986751
0.978527
0.972699
0.983142
0.98634
0.983525
0.979628
0.976107
0.96764
0.982491
0.978253
0.974532
0.963566
0.987212
0.983788
0.979217
0.97246
0.988324
0.980866
0.977657
0.971682
0.98472
0.977703
0.968302
0.980848
0.969896
0.984859
0.980165
0.976994
0.969295
0.984634
0.978612
0.974513
0.961886
0.993817
0.983153
0.97928
0.975021
0.985734
0.981397
0.977913
0.974037
0.968698
0.975139
0.9871
0.979648
0.971516
0.986678
0.98059
0.977468
0.972567
0.98682
0.978594
0.972896
0.984182
0.986386
0.983559
0.979648
0.976125
0.967636
0.982514
0.978276
0.974574
0.96371
0.984792
0.983904
0.979265
0.973955
0.988394
0.980898
0.977685
0.97341
0.984504
0.977825
0.967977
0.981016
0.969953
0.984893
0.980184
0.977013
0.969331
0.984675

0.0723572
0.676685
0.946649
0.966859
0.974468
0.963151
0.9606
0.97124
0.96631
0.959944
0.968667
0.967052
0.961673
0.966153
0.965653
0.967109
0.963952
0.962938
0.972686
0.962479
0.956402
0.975065
0.958734
0.952517
0.970837
0.940286
0.930054
0.929951
0.82657
0.674364
0.90644
0.976124
0.943678
0.964201
0.981602
0.943143
0.960896
0.984552
0.944646
0.957649
0.98486
0.948626
0.95958
0.983312
0.954494
0.956849
0.980706
0.960322
0.955129
0.977577
0.964094
0.955086
0.974249
0.965191
0.957371
0.970962
0.964132
0.961964
0.967994
0.9618
0.967455
0.965763
0.958829
0.971616
0.964911
0.955604
0.970993
0.961926
0.94764
0.970072
0.956467
0.935422
0.951644
0.911067
0.858559
0.610718
0.91091
0.947103
0.956379
0.981861
0.949183
0.953126
0.983864
0.953787
0.950185
0.981845
0.96031
0.947882
0.978816
0.966788
0.946699
0.975307
0.971193
0.950212
0.971637
0.972921
0.952537
0.968041
0.972577
0.957129
0.964787

0.0131425
0.354176
0.964508
0.985003
0.991317
0.995822
0.99819
0.993276
0.982218
0.977696
0.979596
0.983598
0.988099
0.994483
0.997918
0.995945
0.985509
0.978177
0.97862
0.982236
0.98665
0.99304
0.997127
0.997559
0.989243
0.979504
0.977935
0.980942
0.985214
0.991542
0.996007
0.998172
0.992802
0.981798
0.977686
0.979758
0.983804
0.988314
0.994689
0.997996
0.995614
0.984981
0.978057
0.978749
0.982434
0.986863
0.993258
0.997269
0.997388
0.988685
0.979248
0.978013
0.981128
0.985425
0.991765
0.996188
0.998137
0.992311
0.981398
0.977688
0.979924
0.98401
0.988529
0.994893
0.998062
0.995261
0.984465
0.977955
0.978884
0.982633
0.987077
0.993474
0.997403
0.997193
0.988127
0.979014
0.9781
0.981316
0.985637
0.991989
0.996364
0.998084
0.991805
0.981018
0.977704
0.980094
0.984218
0.988744
0.995094
0.998116
0.994884
0.983962
0.97787
0.979025
0.982834
0.987292
0.993689
0.997528
0.996975
0.987568
0.9788

0.0200954
0.0594247
0.991369
0.987738
0.987366
0.987343
0.987341
0.987341
0.987341
0.987341
0.987341
0.987341
0.987341
0.987341
0.987341
0.987341
0.987341
0.987341
0.987341
0.987341
0.987341
0.987341
0.987341
0.987341
0.987341
0.987341
0.987341
0.987341
0.987341
0.987341
0.987341
0.987341
0.987341
0.987341
0.981565
0.981565
0.981565
0.981565
0.981565
0.981565
0.981565
0.981565
0.981565
0.981565
0.981565
0.981565
0.981565
0.981565
0.981565
0.981565
0.981565
0.981565
0.981565
0.981565
0.981565
0.981565
0.981565
0.981565
0.981565
0.981565
0.981565
0.981565
0.981565
0.981565
0.981565
0.981565
0.981565
0.981565
0.981565
0.981565
0.981565
0.981565
0.981565
0.981565
0.981565
0.971915
0.971915
0.971915
0.971915
0.971915
0.971915
0.971915
0.971915
0.971915
0.971915
0.971915
0.958429
0.958429
0.958429
0.958429
0.958429
0.958429
0.941161
0.941161
0.941161
0.941161
0.941161
0.895564
0.835844
0.762942
0.762942

0.0390247
0.721102
0.975007
0.961168
0.956446
0.95998
0.972515
0.979484
0.951582
0.958276
0.970147
0.970994
0.967219
0.951777
0.963508
0.961674
0.972046
0.977491
0.953526
0.949505
0.95778
0.977327
0.966832
0.935148
0.955928
0.952832
0.949913
0.930284
0.858493
0.574745
0.829871
0.942899
0.969121
0.94369
0.943581
0.964717
0.971207
0.967876
0.958055
0.963302
0.958556
0.967306
0.972113
0.962541
0.950428
0.964011
0.979609
0.974004
0.948819
0.954304
0.972273
0.969453
0.971599
0.96143
0.961025
0.96099
0.969783
0.977147
0.956476
0.95595
0.971163
0.978344
0.969565
0.950246
0.961777
0.970102
0.968479
0.976169
0.961637
0.957752
0.961097
0.974289
0.978331
0.949211
0.960949
0.97289
0.974191
0.967386
0.952386
0.965404
0.961239
0.972892
0.977604
0.958273
0.954394
0.963231
0.977765
0.96945
0.951586
0.962808
0.969197
0.967695
0.96825
0.956524
0.956335
0.957882
0.977226
0.971497
0.948969
0.949671
0.967388

0.0386179
0.866113
0.988022
0.968293
0.967283
0.97962
0.963237
0.991692
0.974509
0.956779
0.986047
0.969889
0.967248
0.980738
0.963694
0.976089
0.976142
0.960318
0.982323
0.970316
0.968567
0.981789
0.961104
0.963945
0.97697
0.975704
0.967689
0.967648
0.968599
0.975877
0.98273
0.963772
0.973833
0.975169
0.959556
0.990051
0.970283
0.959026
0.981617
0.965434
0.987442
0.976375
0.958135
0.985966
0.971852
0.970102
0.982555
0.965377
0.968531
0.978187
0.967547
0.975049
0.972079
0.969577
0.980384
0.96571
0.964259
0.978491
0.977266
0.962644
0.969577
0.969817
0.966947
0.984166
0.965271
0.970221
0.977116
0.957091
0.9909
0.971079
0.952702
0.98359
0.962138
0.978376
0.976936
0.95591
0.979466
0.967587
0.972882
0.98175
0.953567
0.962637
0.973432
0.9682
0.957846
0.959363
0.957811
0.966899
0.962789
0.953434
0.971714
0.962984
0.951023
0.968663
0.957974
0.951547
0.968954
0.954135
0.957941
0.96313
0.938846

0.041828
0.968238
0.998465
0.998465
0.998465
0.998465
0.998465
0.998465
0.998465
0.998465
0.998465
0.998465
0.998465
0.998465
0.998465
0.998465
0.998465
0.998465
0.998465
0.998465
0.998465
0.998465
0.998465
0.998465
0.998465
0.998465
0.998465
0.998465
0.998465
0.998465
0.998465
0.998465
0.998465
0.998465
0.998465
0.998465
0.998465
0.998465
0.998465
0.998465
0.998465
0.998465
0.998465
0.998465
0.998465
0.998465
0.998465
0.998465
0.998465
0.998465
0.998465
0.998465
0.998465
0.998465
0.998465
0.998465
0.998465
0.998465
0.998465
0.998465
0.998465
0.998465
0.998465
0.998465
0.998465
0.998465
0.998465
0.998465
0.998465
0.998465
0.998465
0.998465
0.998465
0.998465
0.998465
0.998465
0.998465
0.998465
0.998465
0.998465
0.998465
0.998465
0.998465
0.998465
0.998465
0.998465
0.998465
0.998465
0.998465
0.998465
0.998465
0.998465
0.998465
0.998465
0.998465
0.998465
0.998465
0.998465
0.998465
0.996498
0.990598

0.0635207
0.976338
0.995147
0.995144
0.995144
0.995144
0.995144
0.995144
0.995144
0.995144
0.995144
0.995144
0.995144
0.995144
0.995144
0.995144
0.995144
0.995144
0.995144
0.995144
0.995144
0.995144
0.995144
0.995144
0.995144
0.995144
0.995144
0.995144
0.995144
0.995144
0.995144
0.995144
0.995144
0.995144
0.995144
0.995144
0.995144
0.995144
0.995144
0.995144
0.995144
0.995144
0.995144
0.995144
0.995144
0.995144
0.995144
0.995144
0.995144
0.995144
0.995144
0.995144
0.995144
0.995144
0.993241
0.993241
0.993241
0.993241
0.993241
0.987418
0.987418
0.987418
0.987418
0.96412
0.185525
0.47857
0.99312
0.995144
0.995144
0.995144
0.995144
0.995144
0.995144
0.995144
0.995144
0.995144
0.995144
0.995144
0.995144
0.995144
0.995144
0.995144
0.995144
0.995144
0.995144
0.995144
0.995144
0.995144
0.995144
0.995144
0.995144
0.995144
0.995144
0.995144
0.995144
0.995144
0.995144
0.995144
0.995144
0.995144
0.995144

0.0613574
0.945765
0.996613
0.996614
0.996614
0.996614
0.996614
0.996614
0.996614
0.996614
0.996614
0.996614
0.996614
0.996614
0.996614
0.996614
0.996614
0.996614
0.996614
0.996614
0.996614
0.996614
0.996614
0.996614
0.996614
0.996614
0.996614
0.996614
0.996614
0.996614
0.996614
0.994659
0.994659
0.994659
0.978996
0.947894
0.988732
0.965257
0.988732
0.994636
0.996614
0.996614
0.996614
0.996614
0.996614
0.996614
0.996614
0.996614
0.996614
0.996614
0.996614
0.996614
0.996614
0.996614
0.996614
0.996614
0.996614
0.996614
0.996614
0.996614
0.996614
0.996614
0.996614
0.996614
0.996614
0.996614
0.996614
0.996614
0.996614
0.996614
0.996614
0.996614
0.996614
0.996614
0.996614
0.996614
0.996614
0.996614
0.996614
0.996614
0.996614
0.996614
0.996614
0.996614
0.996614
0.996614
0.996614
0.996614
0.996614
0.996614
0.996614
0.996614
0.996614
0.996614
0.994659
0.994659
0.994659
0.978996
0.96535
0.480285
0.901684

0.00485794
0.762125
0.985809
0.995684
0.973618
0.983392
0.985762
0.953693
0.585486
0.585403
0.979503
0.996792
0.979756
0.985537
0.998089
0.977619
0.988938
0.996348
0.978361
0.992318
0.988951
0.980701
0.995424
0.982368
0.983763
0.997659
0.978329
0.987107
0.997762
0.977687
0.99052
0.994159
0.979314
0.993818
0.987343
0.982067
0.996627
0.981005
0.985295
0.998076
0.977661
0.988692
0.996608
0.97824
0.99208
0.991216
0.980501
0.995219
0.984098
0.98353
0.99755
0.979129
0.986862
0.997863
0.977596
0.990276
0.994554
0.978543
0.99359
0.987869
0.98081
0.996456
0.981366
0.983691
0.998048
0.978025
0.986838
0.996845
0.977806
0.99184
0.99171
0.979484
0.99501
0.984575
0.982097
0.997431
0.979368
0.985131
0.99599
0.973749
0.982735
0.992927
0.965713
0.96261
0.920838
0.972041
0.996279
0.98069
0.984815
0.998006
0.977793
0.9882
0.997061
0.978025
0.9916
0.990364
0.980113
0.994798
0.98367
0.983068
0.997302

0.0461936
0.955521
0.978291
0.992381
0.983779
0.971308
0.828628
0.982968
0.980282
0.976875
0.973679
0.984983
0.993834
0.990242
0.987206
0.984697
0.982242
0.979394
0.97575
0.974297
0.991788
0.99288
0.989284
0.986453
0.984005
0.981484
0.978433
0.97431
0.978245
0.993978
0.991791
0.988401
0.985731
0.983306
0.979468
0.976537
0.973816
0.981691
0.992286
0.983262
0.980366
0.97809
0.975982
0.89199
0.976288
0.973799
0.987768
0.993368
0.989731
0.986807
0.984335
0.98185
0.978901
0.975166
0.975418
0.993265
0.992313
0.988813
0.986072
0.98364
0.98107
0.977899
0.974177
0.980985
0.994233
0.991225
0.987963
0.985361
0.982934
0.980241
0.976045
0.973859
0.987127
0.993796
0.990194
0.979996
0.97777
0.975656
0.973316
0.970672
0.964848
0.983961
0.992829
0.989241
0.986418
0.983972
0.981447
0.978386
0.974616
0.977244
0.994021
0.991739
0.98836
0.985697
0.983272
0.980643
0.977343
0.973818
0.98418
0.994111
0.990676

0.0318837
0.979147
0.97483
0.96604
0.980015
0.982401
0.986806
0.9582
0.989438
0.964719
0.966428
0.92042
0.0662501
0.91423
0.959714
0.97411
0.981995
0.990989
0.960458
0.982959
0.978426
0.981562
0.963453
0.980362
0.989565
0.969831
0.978827
0.9792
0.992109
0.96201
0.976547
0.981977
0.981194
0.969482
0.972579
0.996694
0.969854
0.978768
0.974842
0.992312
0.965121
0.97178
0.985722
0.980829
0.978572
0.965405
0.999115
0.97035
0.978533
0.969771
0.991892
0.971644
0.968746
0.989598
0.980487
0.983422
0.960461
0.998559
0.971598
0.978161
0.966442
0.990792
0.978425
0.967
0.988828
0.980153
0.98644
0.959746
0.994948
0.974554
0.977716
0.966491
0.988613
0.985691
0.966099
0.985565
0.979118
0.98789
0.957618
0.988572
0.979065
0.97726
0.969704
0.984702
0.991802
0.961877
0.981619
0.978926
0.988344
0.960058
0.980751
0.985124
0.970831
0.974281
0.977408
0.995727
0.962393
0.978253
0.978277
0.988273
0.964672

