0.110584
0.150133
0.102174
0.11773
0.0729865
0.0634228
0.128438
0.0746249
0.101226
0.087023
0.0673388
0.0769291
0.155752
0.072557
0.07226
0.0949548
0.0784765
0.12207
0.0897492
0.0939636
0.0763927
0.124002
0.177607
0.220603
0.162842
0.101652
0.14828
0.09202
0.172776
0.155502
0.109954
0.117171
0.128604
0.113643
0.106331
0.0848924
0.0125073
0.122838
0.0720057
0.0906413
0.0876286
0.0581659
0.0362432
0.102754
0.0508609
0.0106985
0.0189296
0.0174873
0.025665
0.0155041
0.0217112
0.0105509
0.044015
0.0480034
0.0681229
0.0504315
0.0400113
0.00486383
0.0708442
0.000620796
0.0138433
0.0189525
0.0259982
0.020584
0.0474608
0.0310099
0.11623
0.159757
0.044363
0.0500526
0.0421802
0.00476598
0.042426
0.0132171
0.0209371
0.0548521
0.0158534
0.00242356
0.00528151
0.0939366
0.0876674
0.0583743
0.00575163
0.0718783
0.0829262
0.0233277
0.00946396
0.0335471
0.0394886
0.0392934
0.0258768
0.00625267
0.0531019
0.0144078
0.0594883
0.111091
0.189453
0.186813
0.107603
0.143235
0.157536

0.0963346
0.0749742
0.0421142
0.0128039
0.0805686
0.174232
0.319561
0.24388
0.183908
0.274867
0.335167
0.425349
0.578773
0.604947
0.649489
0.679293
0.690883
0.778535
0.802335
0.763452
0.759963
0.761433
0.794432
0.847896
0.808855
0.861723
0.825597
0.802017
0.850352
0.83398
0.80067
0.819925
0.820533
0.867228
0.853691
0.823994
0.816455
0.780919
0.776547
0.852377
0.836819
0.802728
0.773452
0.766938
0.82019
0.843838
0.840489
0.843982
0.808894
0.772107
0.772133
0.736128
0.754031
0.80405
0.798146
0.783642
0.76998
0.749896
0.713223
0.72261
0.755054
0.78285
0.740702
0.775942
0.760749
0.753259
0.806908
0.808954
0.788463
0.830531
0.77603
0.665195
0.695109
0.701312
0.775759
0.760015
0.703869
0.698976
0.652105
0.678573
0.785534
0.703286
0.647939
0.643734
0.64422
0.724066
0.700338
0.649729
0.685013
0.597246
0.601359
0.648686
0.57706
0.576333
0.670001
0.684071
0.725148
0.683692
0.652731
0.657044
0.658024

0.00773713
0.0803321
0.179951
0.26883
0.345956
0.420515
0.0371971
0.552274
0.746808
0.854057
0.864063
0.877309
0.887132
0.8596
0.848223
0.836129
0.843874
0.888218
0.871756
0.839813
0.831296
0.826593
0.830325
0.83789
0.777686
0.745063
0.739839
0.739683
0.713152
0.726959
0.688858
0.635766
0.480067
0.331166
0.366462
0.459157
0.408278
0.40401
0.404676
0.412159
0.310274
0.243278
0.11866
0.290996
0.493825
0.618659
0.60908
0.655769
0.775363
0.906876
0.907984
0.715282
0.648259
0.61026
0.558583
0.453545
0.29391
0.294101
0.0649783
0.0703495
0.0482928
0.155185
0.128121
0.14661
0.102932
0.0317081
0.17333
0.168689
0.208823
0.189907
0.240464
0.356088
0.35426
0.504585
0.508318
0.611432
0.562459
0.610157
0.602618
0.588017
0.659126
0.693866
0.745304
0.865147
0.830631
0.813713
0.828271
0.825322
0.827842
0.849143
0.835614
0.838582
0.873907
0.846949
0.875218
0.868305
0.85445
0.839359
0.83233
0.848217
0.898035

0.0314585
0.107054
0.184507
0.208796
0.0812034
0.220798
0.858246
0.423891
0.78389
0.841318
0.829235
0.861585
0.843603
0.870655
0.878104
0.931064
0.870408
0.892635
0.926181
0.93048
0.902455
0.953832
0.894676
0.941871
0.936119
0.935687
0.919122
0.922766
0.934277
0.952198
0.900632
0.951713
0.90834
0.930804
0.945878
0.943055
0.893763
0.944993
0.930702
0.941433
0.918633
0.932853
0.92671
0.942772
0.923603
0.951658
0.897121
0.946176
0.944955
0.931695
0.91242
0.946739
0.918864
0.94467
0.934382
0.929912
0.912882
0.955843
0.927599
0.945661
0.905443
0.944028
0.935632
0.926462
0.938103
0.935819
0.900918
0.970088
0.924395
0.929485
0.921653
0.943921
0.929294
0.940007
0.917044
0.938988
0.920237
0.950612
0.935691
0.922871
0.912576
0.966596
0.911596
0.9379
0.926527
0.922573
0.929227
0.955556
0.910754
0.934031
0.918175
0.954146
0.927418
0.916819
0.922983
0.948344
0.90678
0.961108
0.908475
0.91413
0.949502

0.154185
0.287518
0.57659
0.831403
0.914021
0.94879
0.94836
0.935926
0.943025
0.930253
0.914501
0.94191
0.943493
0.926574
0.922826
0.961811
0.946224
0.936266
0.949574
0.960922
0.944787
0.951005
0.942263
0.927008
0.937146
0.940462
0.922409
0.91298
0.953439
0.940479
0.926867
0.939781
0.960489
0.943493
0.949132
0.950908
0.947634
0.944475
0.949607
0.927399
0.914953
0.946242
0.936051
0.919728
0.928509
0.955369
0.937802
0.938714
0.947562
0.954716
0.946411
0.958715
0.941937
0.931215
0.949156
0.938929
0.916164
0.920408
0.949538
0.932105
0.926937
0.93976
0.952387
0.939255
0.954428
0.945844
0.946397
0.956317
0.952961
0.927473
0.92411
0.948504
0.928926
0.914265
0.931675
0.947376
0.931481
0.9437
0.941318
0.948218
0.95156
0.958924
0.938977
0.939213
0.958793
0.938365
0.916179
0.926295
0.943172
0.923236
0.931479
0.934988
0.944199
0.940608
0.954096
0.938382
0.946167
0.964315
0.952167
0.929069
0.938677

0.116537
0.248379
0.652564
0.898871
0.942821
0.952078
0.948561
0.92764
0.93812
0.946234
0.950007
0.958722
0.943867
0.964551
0.952931
0.956028
0.962674
0.938133
0.96483
0.944143
0.93863
0.951862
0.933455
0.952913
0.94702
0.942836
0.965581
0.957341
0.969439
0.961639
0.946126
0.95448
0.927428
0.940829
0.938188
0.944279
0.966071
0.947226
0.959881
0.964558
0.951507
0.967574
0.942807
0.939278
0.958585
0.935954
0.953805
0.938969
0.947123
0.958499
0.942496
0.961451
0.94679
0.967965
0.972573
0.944175
0.951451
0.93916
0.9353
0.950429
0.93027
0.944545
0.962834
0.954936
0.97165
0.951857
0.963805
0.955975
0.93488
0.945077
0.918509
0.952594
0.953265
0.941908
0.962322
0.946148
0.957661
0.962975
0.944397
0.965115
0.947581
0.945682
0.949757
0.931289
0.951648
0.938699
0.941296
0.951061
0.949716
0.965434
0.946287
0.948137
0.946832
0.91451
0.920006
0.899229
0.902041
0.932316
0.903839
0.927873
0.891205

0.0333117
0.201413
0.599528
0.878317
0.954406
0.944281
0.959593
0.956627
0.954356
0.951644
0.956753
0.943312
0.975203
0.936863
0.968565
0.951805
0.959552
0.959097
0.95192
0.955356
0.968254
0.951593
0.959364
0.960663
0.9489
0.975896
0.938894
0.97099
0.957254
0.964497
0.957269
0.962562
0.952193
0.978617
0.948257
0.96869
0.963473
0.95729
0.973227
0.947548
0.969273
0.964856
0.963369
0.958762
0.969482
0.947629
0.983496
0.942764
0.974773
0.962993
0.962764
0.966126
0.957264
0.956538
0.971697
0.957508
0.960768
0.970124
0.946895
0.979525
0.940163
0.969966
0.959741
0.961421
0.956057
0.96142
0.944598
0.972184
0.94059
0.956271
0.959908
0.943033
0.963269
0.935828
0.956565
0.952016
0.945259
0.930594
0.955427
0.922181
0.963129
0.918784
0.945165
0.942332
0.92439
0.917023
0.92434
0.89516
0.925614
0.894428
0.898187
0.918811
0.888902
0.88233
0.824608
0.822455
0.791218
0.717194
0.214847
0.72058
0.840476

0.0720061
0.693806
0.92501
0.931219
0.938264
0.952616
0.952101
0.935982
0.963479
0.951543
0.916014
0.921002
0.933617
0.968948
0.956005
0.937243
0.959195
0.942925
0.911214
0.92761
0.933138
0.963595
0.93989
0.92269
0.953081
0.94487
0.916741
0.932929
0.938105
0.969094
0.942582
0.913053
0.9391
0.932294
0.905997
0.911032
0.947764
0.971282
0.913737
0.879627
0.903636
0.912878
0.904853
0.903839
0.91919
0.956507
0.887589
0.872583
0.927979
0.91999
0.91343
0.908759
0.921968
0.926271
0.863436
0.857432
0.867408
0.803589
0.69185
0.53809
0.520257
0.419404
0.862177
0.255623
0.18839
0.644327
0.691075
0.815951
0.869692
0.923049
0.91812
0.881675
0.926957
0.949754
0.944455
0.945344
0.927702
0.951575
0.929568
0.90621
0.929551
0.945725
0.956903
0.928881
0.926558
0.951188
0.937643
0.920263
0.942587
0.959474
0.965185
0.938333
0.91791
0.948889
0.933099
0.910287
0.957153
0.963317
0.964164
0.934007
0.916449

0.0867118
0.627544
0.993989
0.99646
0.996466
0.996466
0.996466
0.996466
0.996466
0.996466
0.996466
0.996466
0.996466
0.996466
0.996466
0.996466
0.996466
0.996466
0.996466
0.996466
0.996466
0.996466
0.996466
0.996466
0.996466
0.996466
0.996466
0.996466
0.996466
0.996466
0.996466
0.996466
0.996466
0.996466
0.996466
0.996466
0.996466
0.996466
0.996466
0.996466
0.996466
0.996466
0.996466
0.996466
0.996466
0.996466
0.996466
0.996466
0.996466
0.996466
0.996466
0.996466
0.996466
0.996466
0.996466
0.996466
0.996466
0.996466
0.996466
0.996466
0.996466
0.996466
0.996466
0.996466
0.996466
0.996466
0.996466
0.996466
0.996466
0.996466
0.996466
0.996466
0.996466
0.996466
0.996466
0.996466
0.996466
0.996466
0.996466
0.996466
0.996466
0.996466
0.996466
0.996466
0.996466
0.996466
0.996466
0.996466
0.996466
0.996466
0.996466
0.996466
0.996466
0.996466
0.996466
0.996466
0.996466
0.996466
0.996466
0.996466
0.996466

0.0137657
0.701968
0.954204
0.949409
0.955248
0.966152
0.962589
0.95131
0.972293
0.959424
0.952926
0.952274
0.963962
0.969415
0.964507
0.954407
0.962575
0.952682
0.948073
0.953026
0.960236
0.970131
0.955914
0.966646
0.956825
0.951458
0.951589
0.963707
0.96831
0.962114
0.962181
0.957901
0.949758
0.941217
0.963239
0.969803
0.965341
0.974867
0.964105
0.95552
0.950518
0.951037
0.963282
0.966987
0.957959
0.967504
0.953705
0.941305
0.954031
0.958689
0.968633
0.964572
0.973074
0.961424
0.954721
0.949817
0.950992
0.963436
0.965864
0.955172
0.962144
0.96738
0.95581
0.95152
0.958666
0.968949
0.966027
0.954814
0.96339
0.954593
0.949267
0.950712
0.962404
0.95987
0.965599
0.971618
0.959766
0.953465
0.950558
0.958846
0.968595
0.965089
0.952791
0.961731
0.9532
0.947251
0.945918
0.973292
0.968595
0.971062
0.966807
0.957724
0.952157
0.949702
0.9585
0.967476
0.961788
0.971998
0.957961
0.949459
0.939328

0.00431536
0.148564
0.957735
0.983301
0.963815
0.985099
0.959021
0.982468
0.984385
0.980959
0.98151
0.958393
0.978589
0.979872
0.976144
0.977839
0.985119
0.975219
0.974606
0.970432
0.973258
0.989953
0.971698
0.993139
0.966953
0.967496
0.990379
0.967293
0.988197
0.966183
0.985433
0.987555
0.961267
0.983591
0.971055
0.982576
0.983674
0.973896
0.980075
0.975663
0.977645
0.979181
0.97545
0.976818
0.988149
0.973679
0.972477
0.971559
0.973155
0.995557
0.969831
0.976375
0.975378
0.966743
0.989771
0.965633
0.988503
0.983273
0.965583
0.985469
0.958184
0.983005
0.983382
0.982679
0.980146
0.956879
0.978971
0.979521
0.976758
0.976648
0.983271
0.973483
0.974416
0.968911
0.972503
0.988566
0.970047
0.99218
0.964609
0.967338
0.988974
0.965922
0.986831
0.96239
0.982778
0.986268
0.960477
0.966506
0.945217
0.964552
0.937885
0.837831
0.123229
0.202821
0.580558
0.960748
0.963773
0.975157
0.982368
0.972613
0.971308

0.00898113
0.413577
0.982845
0.998887
0.998886
0.998886
0.998886
0.998886
0.998886
0.998886
0.998886
0.998886
0.998886
0.998886
0.998886
0.998886
0.998886
0.998886
0.998886
0.998886
0.998886
0.998886
0.998886
0.998886
0.998886
0.998886
0.998886
0.998886
0.998886
0.998886
0.998886
0.998886
0.998886
0.998886
0.998886
0.998886
0.998886
0.998886
0.998886
0.998886
0.998886
0.998886
0.998886
0.998886
0.998886
0.998886
0.998886
0.998886
0.998886
0.998886
0.998886
0.998886
0.998886
0.998886
0.998886
0.998886
0.998886
0.998886
0.998886
0.998886
0.998886
0.998886
0.998886
0.998886
0.998886
0.998886
0.998886
0.998886
0.998886
0.998886
0.998886
0.998886
0.998886
0.998886
0.998886
0.998886
0.998886
0.998886
0.998886
0.998886
0.998886
0.998886
0.998886
0.998886
0.998886
0.998886
0.998886
0.998886
0.998886
0.998886
0.998886
0.998886
0.998886
0.998886
0.998886
0.998886
0.998886
0.998886
0.998886
0.998886
0.998886

0.0278342
0.841799
0.984249
0.983083
0.982736
0.98105
0.981009
0.975556
0.975551
0.975548
0.975548
0.975547
0.96626
0.96626
0.891568
0.117249
0.980238
0.980238
0.980238
0.98255
0.98255
0.98255
0.98255
0.98255
0.98255
0.98255
0.98255
0.98255
0.98255
0.98255
0.98255
0.98255
0.98255
0.98255
0.98255
0.98255
0.98255
0.98255
0.98255
0.98255
0.98255
0.98255
0.98255
0.98255
0.98255
0.98255
0.98255
0.98255
0.98255
0.980984
0.980984
0.975547
0.975547
0.975547
0.975547
0.975547
0.96626
0.96626
0.953159
0.980984
0.980238
0.980238
0.980238
0.98255
0.98255
0.98255
0.98255
0.98255
0.98255
0.98255
0.98255
0.98255
0.98255
0.98255
0.98255
0.98255
0.98255
0.98255
0.98255
0.98255
0.98255
0.98255
0.98255
0.98255
0.98255
0.98255
0.98255
0.98255
0.98255
0.98255
0.98255
0.98255
0.98255
0.98255
0.980984
0.980984
0.975547
0.975547
0.975547
0.975547
0.96626

0.0221502
0.373255
0.971058
0.976492
0.972719
0.970208
0.977257
0.972836
0.969116
0.97802
0.972915
0.966838
0.978756
0.972953
0.965939
0.979466
0.972947
0.965106
0.980151
0.972896
0.964343
0.98081
0.972799
0.963651
0.981445
0.972653
0.963032
0.982056
0.97246
0.962484
0.982644
0.972218
0.962009
0.983209
0.97193
0.961604
0.983752
0.971597
0.961267
0.984274
0.971221
0.960995
0.984774
0.970807
0.960786
0.985252
0.97036
0.960635
0.985709
0.969886
0.96054
0.986144
0.969392
0.960496
0.986557
0.968888
0.9605
0.986945
0.968381
0.960548
0.987309
0.967883
0.960637
0.987646
0.968006
0.960764
0.987954
0.96758
0.960924
0.988231
0.967187
0.961115
0.988473
0.966835
0.961334
0.988679
0.966535
0.961579
0.988844
0.966291
0.961847
0.988965
0.966112
0.962136
0.989037
0.965999
0.962445
0.989057
0.965956
0.96277
0.989019
0.965984
0.963111
0.98892
0.96608
0.963466
0.988756
0.966242
0.963834
0.988522
0.966466

0.1364
0.962758
0.991926
0.991894
0.991894
0.991894
0.991894
0.991894
0.991894
0.991894
0.991894
0.991894
0.991894
0.991894
0.991894
0.991894
0.991894
0.991894
0.991894
0.991894
0.991894
0.991894
0.984284
0.984284
0.984284
0.984284
0.984284
0.974642
0.961152
0.922863
0.122638
0.942824
0.98386
0.98983
0.991894
0.991894
0.991894
0.991894
0.991894
0.991894
0.991894
0.991894
0.991894
0.991894
0.991894
0.991894
0.991894
0.991894
0.991894
0.991894
0.991894
0.991894
0.991894
0.991894
0.991894
0.991894
0.991894
0.991894
0.991894
0.991894
0.991894
0.991894
0.991894
0.991894
0.991894
0.991894
0.991894
0.991894
0.991894
0.991894
0.991894
0.991894
0.991894
0.991894
0.991894
0.991894
0.991894
0.991894
0.991894
0.991894
0.991894
0.991894
0.991894
0.991894
0.991894
0.991894
0.991894
0.991894
0.991894
0.991894
0.984284
0.984284
0.984284
0.984284
0.984284
0.974642
0.974642
0.94387
0.836576
0.96031
0.98386

0.0428472
0.963573
0.975455
0.970777
0.978646
0.974514
0.967651
0.976931
0.973363
0.989824
0.9758
0.971599
0.979458
0.974823
0.968196
0.977366
0.973756
0.988305
0.97612
0.972259
0.980526
0.975124
0.969464
0.977873
0.964994
0.927804
0.424036
0.934466
0.0643911
0.88589
0.956513
0.967491
0.97874
0.967243
0.98162
0.977269
0.989251
0.980303
0.974859
0.984396
0.979123
0.972663
0.984378
0.980276
0.991306
0.983013
0.978422
0.987655
0.981886
0.974626
0.984921
0.980702
0.979643
0.983394
0.979108
0.989093
0.982228
0.976176
0.985566
0.981091
0.971595
0.983806
0.97968
0.990906
0.982574
0.977343
0.986361
0.981456
0.972203
0.984264
0.980172
0.991833
0.982929
0.978243
0.987378
0.981806
0.974203
0.984788
0.980607
0.984573
0.983303
0.978961
0.988723
0.982149
0.975857
0.985406
0.981004
0.972348
0.983707
0.979556
0.990472
0.982493
0.977102
0.986161
0.981373
0.971787
0.984153
0.980064
0.991933
0.982846
0.978054

0.0835037
0.998043
0.998818
0.998818
0.998818
0.998818
0.998818
0.998818
0.998818
0.998818
0.998818
0.998818
0.998818
0.998818
0.998818
0.998818
0.998818
0.998818
0.998818
0.998818
0.998818
0.998818
0.998818
0.998818
0.998818
0.998818
0.998818
0.998818
0.998818
0.998818
0.998818
0.998818
0.998818
0.998818
0.998818
0.998818
0.998818
0.998818
0.998818
0.998818
0.998818
0.998818
0.998818
0.998818
0.998818
0.998818
0.998818
0.998818
0.998818
0.998818
0.998818
0.998818
0.998818
0.998818
0.998818
0.998818
0.998818
0.998818
0.998818
0.998818
0.998818
0.998818
0.998818
0.998818
0.998818
0.998818
0.998818
0.998818
0.998818
0.998818
0.998818
0.998818
0.998818
0.998818
0.998818
0.998818
0.998818
0.998818
0.998818
0.998818
0.998818
0.998818
0.998818
0.998818
0.998818
0.998818
0.998818
0.998818
0.998818
0.998818
0.998818
0.998818
0.998818
0.998818
0.998818
0.998818
0.998818
0.998818
0.998818
0.998818
0.998818

0.0941618
0.513902
0.834514
0.937133
0.97592
0.966975
0.988544
0.977708
0.987977
0.981554
0.981128
0.987624
0.978507
0.991209
0.976322
0.994606
0.978251
0.996767
0.981512
0.994449
0.985056
0.984017
0.988642
0.977253
0.992211
0.976609
0.995433
0.979111
0.996767
0.982506
0.992442
0.98607
0.981499
0.98966
0.976541
0.993191
0.977136
0.996126
0.980032
0.9963
0.98351
0.989907
0.987086
0.979401
0.990675
0.976295
0.994132
0.977833
0.996618
0.980993
0.995257
0.98452
0.987066
0.988104
0.977846
0.991683
0.976422
0.995008
0.978646
0.996817
0.981979
0.993579
0.985534
0.984214
0.989121
0.976854
0.992676
0.976832
0.99578
0.979538
0.996612
0.982978
0.991303
0.986549
0.981632
0.990138
0.976372
0.99364
0.977446
0.996388
0.980481
0.995886
0.983985
0.98859
0.987565
0.979518
0.991151
0.976319
0.994555
0.978204
0.996755
0.981455
0.994547
0.984997
0.985706
0.988583
0.977959
0.992153
0.976369
0.995388
0.979059

0.0363087
0.902634
0.997886
0.997883
0.997883
0.997883
0.997883
0.997883
0.997883
0.997883
0.997883
0.997883
0.997883
0.997883
0.997883
0.997883
0.997883
0.997883
0.997883
0.997883
0.997883
0.997883
0.997883
0.997883
0.997883
0.997883
0.997883
0.997883
0.997883
0.997883
0.997883
0.997883
0.997883
0.997883
0.997883
0.997883
0.997883
0.997883
0.997883
0.997883
0.997883
0.997883
0.997883
0.997883
0.997883
0.997883
0.997883
0.997883
0.997883
0.997883
0.997883
0.997883
0.997883
0.997883
0.997883
0.997883
0.997883
0.997883
0.997883
0.997883
0.997883
0.997883
0.995922
0.990031
0.990031
0.980233
0.966566
0.927857
0.842468
0.000134459
0.949001
0.995905
0.997883
0.997883
0.997883
0.997883
0.997883
0.997883
0.997883
0.997883
0.997883
0.997883
0.997883
0.997883
0.997883
0.997883
0.997883
0.997883
0.997883
0.997883
0.997883
0.997883
0.997883
0.997883
0.997883
0.997883
0.997883
0.997883
0.997883
0.997883
0.997883

0.110513
0.994925
0.994886
0.994886
0.994886
0.994886
0.994886
0.994886
0.994886
0.994886
0.994886
0.994886
0.994886
0.994886
0.994886
0.994886
0.992995
0.992995
0.992995
0.987185
0.987185
0.987185
0.805554
0.945839
0.994886
0.994886
0.994886
0.994886
0.994886
0.994886
0.994886
0.994886
0.994886
0.994886
0.994886
0.994886
0.994886
0.994886
0.994886
0.994886
0.994886
0.994886
0.994886
0.994886
0.994886
0.994886
0.994886
0.994886
0.994886
0.994886
0.994886
0.994886
0.994886
0.994886
0.994886
0.994886
0.994886
0.994886
0.994886
0.994886
0.994886
0.994886
0.994886
0.994886
0.994886
0.994886
0.994886
0.994886
0.992995
0.992995
0.992995
0.992995
0.987185
0.987185
0.900688
0.0636141
0.994886
0.994886
0.994886
0.994886
0.994886
0.994886
0.994886
0.994886
0.994886
0.994886
0.994886
0.994886
0.994886
0.994886
0.994886
0.994886
0.994886
0.994886
0.994886
0.994886
0.994886
0.994886
0.994886
0.994886
0.994886

0.100877
0.984089
0.985916
0.987846
0.988379
0.988451
0.988459
0.98846
0.98846
0.98846
0.98846
0.98846
0.98846
0.98846
0.98846
0.98846
0.98846
0.98846
0.98846
0.98846
0.98846
0.98846
0.98846
0.98846
0.98846
0.98846
0.98846
0.98846
0.98846
0.98846
0.986779
0.986779
0.986779
0.986779
0.986779
0.986779
0.981204
0.981204
0.981204
0.981204
0.981204
0.981204
0.981204
0.802205
0.797157
0.980128
0.98846
0.98846
0.98846
0.98846
0.98846
0.98846
0.98846
0.98846
0.98846
0.98846
0.98846
0.98846
0.98846
0.98846
0.98846
0.98846
0.98846
0.98846
0.98846
0.98846
0.98846
0.98846
0.98846
0.98846
0.98846
0.98846
0.98846
0.98846
0.98846
0.98846
0.98846
0.98846
0.98846
0.98846
0.98846
0.98846
0.98846
0.98846
0.98846
0.98846
0.98846
0.98846
0.98846
0.98846
0.98846
0.98846
0.98846
0.986779
0.986779
0.986779
0.986779
0.986779
0.986779
0.981204
0.981204

