0.0597232
0.0322665
0.013635
0.0231114
0.0441839
0.0343064
0.023843
0.040403
0.0502025
0.0524121
0.0418507
0.0717019
0.0291617
0.12812
0.0165612
0.0499609
0.0421523
0.0294385
0.0326266
0.0448297
0.0714975
0.0693026
0.0527123
0.0744203
0.0270956
0.0781342
0.0571406
0.0433604
0.0704262
0.0856257
0.048624
0.00567718
0.0124953
0.0496337
0.0452992
0.0963069
0.044865
0.133152
0.0527964
0.130647
0.0753728
0.0536142
0.0462123
0.0377249
0.0151584
0.0204991
0.0541996
0.0908459
0.0961175
0.1076
0.122813
0.10885
0.108101
0.0787195
0.112901
0.145784
0.109272
0.0656481
0.117807
0.0645778
0.0972853
0.0080751
0.100704
0.034663
0.0814081
0.0185581
0.011694
0.00680441
0.00943325
0.0249628
0.00600147
0.025288
0.0466245
0.0438698
0.0467054
0.080547
0.0630787
0.0792583
0.058065
0.092304
0.0840962
0.0799441
0.0557613
0.0874092
0.0503102
0.103986
0.0563441
0.135713
0.128962
0.114353
0.11007
0.089365
0.0933075
0.0559786
0.0581872
0.0519354
0.042733
0.0281289
0.00224113
0.044683
0.0280323

0.0515894
0.0827363
0.0939305
0.128364
0.0964202
0.127946
0.132714
0.146372
0.160415
0.252053
0.344727
0.391377
0.417126
0.482686
0.571578
0.610709
0.668502
0.6947
0.718315
0.697094
0.757095
0.818924
0.856453
0.835797
0.852602
0.860083
0.831598
0.808198
0.811634
0.839284
0.792543
0.789722
0.819319
0.856385
0.800916
0.788145
0.785866
0.795163
0.760367
0.764702
0.812205
0.800298
0.758411
0.754165
0.847782
0.832818
0.828714
0.828399
0.860004
0.804827
0.802815
0.822425
0.844842
0.806564
0.780755
0.822011
0.829765
0.819828
0.784397
0.830485
0.793001
0.750449
0.748378
0.802728
0.781635
0.784812
0.78358
0.843268
0.853244
0.814195
0.826375
0.810335
0.797362
0.752361
0.804916
0.791213
0.776168
0.731079
0.748157
0.757162
0.804144
0.813291
0.836136
0.837983
0.815711
0.795205
0.78925
0.785301
0.751387
0.772195
0.779877
0.843613
0.854673
0.840508
0.806726
0.798853
0.787927
0.781599
0.817458
0.786983
0.770661

0.0618438
0.0422609
0.0495875
0.0239127
0.356146
0.564233
0.724176
0.698162
0.791019
0.815076
0.820841
0.85603
0.865352
0.803263
0.80742
0.784497
0.78395
0.836205
0.879297
0.813043
0.782523
0.774541
0.821482
0.847041
0.828603
0.774676
0.807397
0.856032
0.837489
0.780706
0.761421
0.833237
0.829636
0.824609
0.785544
0.813499
0.849885
0.823529
0.809877
0.768951
0.823521
0.828396
0.794362
0.746245
0.789999
0.810325
0.861566
0.827471
0.831498
0.874511
0.819587
0.779662
0.776489
0.892589
0.868856
0.844204
0.831749
0.849309
0.868231
0.860348
0.789956
0.793211
0.842124
0.830936
0.839363
0.845797
0.831569
0.836942
0.854492
0.819151
0.857681
0.85883
0.806071
0.778238
0.783671
0.882895
0.854801
0.825613
0.798606
0.836758
0.835156
0.787332
0.781371
0.788287
0.861695
0.852188
0.803523
0.754576
0.798621
0.818135
0.845949
0.800938
0.790662
0.833947
0.847788
0.789704
0.768703
0.772331
0.782544
0.791853
0.813116

0.0375596
0.0275237
0.347388
0.591215
0.696312
0.842243
0.915292
0.894956
0.888222
0.926105
0.881938
0.894056
0.920965
0.8887
0.845729
0.874823
0.918324
0.888284
0.876995
0.87139
0.911257
0.927478
0.886709
0.907774
0.896569
0.876471
0.909503
0.904981
0.818818
0.840616
0.907657
0.880576
0.839549
0.868805
0.854152
0.866126
0.903505
0.829172
0.841326
0.845704
0.828638
0.836829
0.810326
0.805123
0.824341
0.875577
0.829322
0.785283
0.828055
0.819267
0.857585
0.79691
0.720896
0.70026
0.507514
0.408626
0.437988
0.362518
0.113078
0.000229264
0.0149905
0.475071
0.881368
0.925022
0.709384
0.387585
0.0821277
0.291851
0.440545
0.609239
0.516328
0.700721
0.665537
0.644412
0.677824
0.729694
0.784736
0.759797
0.809438
0.854435
0.812122
0.902899
0.873832
0.822953
0.83915
0.883454
0.842902
0.814445
0.853949
0.846012
0.825002
0.875169
0.875741
0.874502
0.911366
0.874218
0.888829
0.876865
0.864281
0.883009
0.855546

0.069914
0.145267
0.342691
0.720944
0.90744
0.971673
0.95523
0.946527
0.956511
0.955623
0.963679
0.948202
0.950321
0.964739
0.952737
0.958345
0.964918
0.948438
0.956885
0.938382
0.947383
0.980417
0.961362
0.950144
0.960135
0.941532
0.944881
0.957356
0.961266
0.97296
0.955077
0.940752
0.948181
0.953229
0.95871
0.957295
0.952085
0.952295
0.935411
0.936564
0.96168
0.933781
0.927843
0.958703
0.929404
0.96471
0.947179
0.927042
0.947258
0.917353
0.908476
0.959781
0.928322
0.943815
0.893248
0.87099
0.874454
0.814782
0.686139
0.417467
0.3019
0.367838
0.725513
0.816635
0.936362
0.916423
0.93824
0.948537
0.946751
0.957463
0.956179
0.948528
0.961894
0.938614
0.957117
0.953881
0.958928
0.971467
0.956871
0.941805
0.956166
0.929489
0.9647
0.973694
0.953752
0.96489
0.951788
0.934546
0.951735
0.949184
0.960611
0.967556
0.94884
0.957741
0.945718
0.950578
0.961057
0.962761
0.952111
0.961357
0.938564

0.0252079
0.181686
0.639872
0.911192
0.962333
0.975539
0.966094
0.978094
0.969809
0.973451
0.970036
0.978707
0.950823
0.983032
0.967809
0.95944
0.987363
0.963255
0.97236
0.967024
0.971846
0.963461
0.976622
0.960026
0.978103
0.980054
0.953402
0.989519
0.957321
0.967002
0.967241
0.964781
0.962495
0.973306
0.972306
0.971817
0.98116
0.951813
0.987413
0.957638
0.959864
0.975555
0.962831
0.969067
0.966507
0.975722
0.94779
0.951546
0.935258
0.96612
0.949083
0.938038
0.980457
0.94035
0.958609
0.944654
0.947353
0.926934
0.949927
0.913995
0.907819
0.795373
0.431752
0.186627
0.960948
0.204686
0.593887
0.901405
0.901812
0.958777
0.95479
0.955498
0.982931
0.95434
0.977204
0.958713
0.963754
0.968895
0.971254
0.963409
0.975437
0.979078
0.952868
0.984065
0.95665
0.973272
0.966326
0.965099
0.985816
0.969106
0.972221
0.973059
0.97808
0.949251
0.982273
0.959719
0.963278
0.980945
0.963114
0.98506
0.96684

0.0269621
0.0127693
0.707242
0.950931
0.952282
0.977398
0.972927
0.956287
0.978214
0.970754
0.965586
0.951524
0.972903
0.965279
0.940841
0.961598
0.95853
0.956967
0.933583
0.954766
0.979469
0.939229
0.959381
0.944924
0.959372
0.936268
0.952226
0.981151
0.938077
0.957054
0.942575
0.962197
0.905088
0.898004
0.835191
0.574137
0.190395
0.220441
0.970877
0.392962
0.619483
0.86459
0.87724
0.917426
0.936002
0.945747
0.958466
0.94681
0.967547
0.932719
0.946189
0.965582
0.959461
0.957344
0.944661
0.975058
0.94749
0.960175
0.97814
0.973535
0.967497
0.95637
0.978523
0.960701
0.957695
0.979944
0.97238
0.966689
0.954439
0.976135
0.971505
0.955296
0.979671
0.970691
0.966635
0.953307
0.973739
0.979751
0.953056
0.978109
0.968725
0.967583
0.953663
0.971344
0.985779
0.951107
0.97592
0.966762
0.969442
0.956163
0.968946
0.988626
0.949654
0.973475
0.965192
0.973293
0.960524
0.968271
0.98894
0.948975
0.970947

0.0325986
0.157647
0.924465
0.986822
0.986877
0.986908
0.986916
0.986918
0.986918
0.986918
0.986918
0.986918
0.986918
0.986918
0.986918
0.986918
0.986918
0.986918
0.986918
0.986918
0.986918
0.986918
0.986918
0.986918
0.986918
0.986918
0.986918
0.986918
0.986918
0.986918
0.986918
0.986918
0.986918
0.986918
0.986918
0.986918
0.986918
0.986918
0.986918
0.986918
0.986918
0.986918
0.986918
0.986918
0.986918
0.986918
0.986918
0.986918
0.986918
0.986918
0.986918
0.986918
0.986918
0.986918
0.986918
0.986918
0.986918
0.986918
0.986918
0.986918
0.986918
0.986918
0.986918
0.986918
0.986918
0.986918
0.986918
0.986918
0.986918
0.986918
0.986918
0.986918
0.986918
0.986918
0.986918
0.986918
0.986918
0.986918
0.986918
0.986918
0.986918
0.986918
0.986918
0.986918
0.986918
0.986918
0.986918
0.986918
0.986918
0.986918
0.986918
0.986918
0.986918
0.986918
0.986918
0.986918
0.986918
0.986918
0.986918
0.986918
0.986918

0.0562491
0.270021
0.894254
0.965439
0.984678
0.984909
0.984406
0.983763
0.982708
0.980024
0.988939
0.989357
0.987082
0.986119
0.985507
0.985009
0.984512
0.98391
0.981491
0.97955
0.975984
0.990281
0.987366
0.98457
0.983953
0.983473
0.983014
0.982482
0.981706
0.980121
0.974643
0.991569
0.985933
0.984727
0.984059
0.983563
0.983107
0.982599
0.981894
0.980569
0.976272
0.991382
0.986328
0.984902
0.984171
0.983655
0.977705
0.954802
0.721467
0.533082
0.513165
0.900452
0.30758
0.891425
0.967724
0.977038
0.976494
0.982102
0.981416
0.980279
0.977326
0.982157
0.987252
0.984914
0.983909
0.985501
0.985003
0.984507
0.983902
0.982965
0.980821
0.975668
0.990223
0.987349
0.986261
0.985609
0.985099
0.984609
0.984038
0.983199
0.981458
0.97494
0.991488
0.987685
0.986425
0.985721
0.985195
0.984709
0.984164
0.983403
0.981953
0.977027
0.993241
0.988094
0.986609
0.98584
0.985293
0.984807
0.984282
0.983584
0.98235

0.0458357
0.360704
0.939643
0.93569
0.947568
0.943154
0.939577
0.955158
0.945047
0.941652
0.937017
0.949253
0.943397
0.940242
0.93609
0.946038
0.942222
0.927597
0.951072
0.932727
0.91473
0.911254
0.920683
0.916292
0.913762
0.920313
0.918497
0.915588
0.912732
0.923601
0.917498
0.895932
0.872178
0.900953
0.897604
0.895526
0.933496
0.91951
0.897461
0.872554
0.880466
0.876013
0.874346
0.87585
0.878559
0.849154
0.847881
0.882284
0.850897
0.785581
0.669582
0.789185
0.70989
0.249749
0.279763
0.361502
0.700499
0.623614
0.960653
0.751045
0.128808
0.390614
0.471671
0.515978
0.739647
0.71086
0.749006
0.847941
0.840275
0.859255
0.851516
0.899621
0.90709
0.908482
0.924097
0.936391
0.887403
0.92742
0.940384
0.932414
0.950119
0.943241
0.938766
0.923929
0.946753
0.941785
0.949894
0.966206
0.958041
0.963691
0.955153
0.971962
0.965979
0.961492
0.94055
0.958921
0.954209
0.947815
0.964608
0.95642
0.951974

0.0900105
0.773128
0.961534
0.962967
0.972528
0.957335
0.967899
0.966521
0.974859
0.980687
0.965164
0.974165
0.959407
0.968929
0.951966
0.976359
0.978864
0.967259
0.976849
0.962326
0.970514
0.94859
0.975675
0.963005
0.968916
0.977313
0.964327
0.972188
0.964758
0.975812
0.959312
0.970071
0.967363
0.965376
0.97243
0.972644
0.976907
0.961572
0.971433
0.957574
0.966267
0.966004
0.972081
0.979289
0.964481
0.973569
0.958436
0.967298
0.95508
0.972361
0.978604
0.966486
0.97601
0.960649
0.966887
0.967593
0.972807
0.967239
0.966659
0.975951
0.9573
0.966326
0.96632
0.972431
0.955665
0.962939
0.969751
0.958083
0.964941
0.953852
0.969025
0.948442
0.95566
0.947468
0.950296
0.98505
0.95451
0.971216
0.937942
0.944512
0.934473
0.938198
0.953712
0.942461
0.96301
0.903348
0.858233
0.630057
0.0248547
0.962302
0.050909
0.817736
0.893674
0.943426
0.949705
0.964205
0.953921
0.9705
0.953522
0.968512
0.968311

0.0139228
0.343306
0.978818
0.980864
0.985316
0.988072
0.989005
0.981368
0.967248
0.964614
0.966134
0.968325
0.970505
0.972654
0.97489
0.977346
0.98584
0.98716
0.980476
0.968021
0.964587
0.965929
0.968105
0.97029
0.972439
0.97466
0.97709
0.97972
0.987229
0.981695
0.968914
0.956773
0.965729
0.967884
0.947997
0.949757
0.861654
0.47508
0.865311
0.919509
0.306212
0.88646
0.946193
0.950446
0.954475
0.97419
0.976871
0.979483
0.982203
0.985076
0.987261
0.97825
0.967716
0.964852
0.967602
0.970931
0.973911
0.976611
0.979221
0.981924
0.984791
0.987158
0.984795
0.968601
0.964747
0.967266
0.970613
0.97363
0.976349
0.978959
0.981646
0.984504
0.987014
0.985486
0.974764
0.968704
0.970127
0.973034
0.975817
0.978373
0.980847
0.983408
0.986169
0.988748
0.987952
0.975936
0.968837
0.969864
0.972743
0.975552
0.978125
0.980599
0.983145
0.985887
0.988546
0.988409
0.97868
0.969055
0.969614
0.97245
0.975284

0.179919
0.961641
0.997237
0.997243
0.997243
0.997243
0.997243
0.997243
0.997243
0.997243
0.997243
0.997243
0.997243
0.997243
0.997243
0.997243
0.997243
0.997243
0.997243
0.997243
0.997243
0.997243
0.997243
0.997243
0.997243
0.997243
0.997243
0.997243
0.997243
0.997243
0.997243
0.997243
0.997243
0.997243
0.997243
0.997243
0.997243
0.997243
0.997243
0.997243
0.997243
0.997243
0.997243
0.997243
0.997243
0.997243
0.997243
0.997243
0.997243
0.997243
0.997243
0.997243
0.997243
0.997243
0.997243
0.997243
0.997243
0.997243
0.997243
0.997243
0.997243
0.997243
0.997243
0.997243
0.997243
0.997243
0.997243
0.997243
0.997243
0.997243
0.997243
0.997243
0.997243
0.997243
0.997243
0.997243
0.997243
0.997243
0.997243
0.997243
0.997243
0.997243
0.997243
0.997243
0.997243
0.997243
0.997243
0.997243
0.997243
0.997243
0.997243
0.997243
0.997243
0.995282
0.995282
0.989393
0.989393
0.989393
0.979599
0.965939
0.948468

0.0662087
0.93992
0.996637
0.99665
0.99665
0.99665
0.99665
0.99665
0.99665
0.99665
0.99665
0.99665
0.99665
0.99665
0.99665
0.99665
0.99665
0.99665
0.99665
0.99665
0.99665
0.99665
0.99665
0.99665
0.99665
0.99665
0.99665
0.99665
0.99665
0.99665
0.99665
0.99665
0.99665
0.99665
0.99665
0.99665
0.99665
0.99665
0.99665
0.99665
0.99665
0.99665
0.99665
0.99665
0.99665
0.99665
0.99665
0.99665
0.994701
0.988825
0.965406
0.965406
0.873501
0.99665
0.965272
0.994667
0.99665
0.99665
0.99665
0.99665
0.99665
0.99665
0.99665
0.99665
0.99665
0.99665
0.99665
0.99665
0.99665
0.99665
0.99665
0.99665
0.99665
0.99665
0.99665
0.99665
0.99665
0.99665
0.99665
0.99665
0.99665
0.99665
0.99665
0.99665
0.99665
0.99665
0.99665
0.99665
0.99665
0.99665
0.99665
0.99665
0.99665
0.99665
0.99665
0.99665
0.99665
0.99665
0.99665
0.99665
0.99665

0.057009
0.781183
0.978509
0.988273
0.996607
0.987231
0.978284
0.989489
0.996256
0.986758
0.978027
0.990679
0.995883
0.986286
0.977808
0.991819
0.995489
0.985815
0.977635
0.992891
0.99508
0.985345
0.977444
0.993877
0.994657
0.984876
0.97748
0.994765
0.994224
0.984409
0.977585
0.995545
0.993781
0.983945
0.977764
0.996212
0.993332
0.983483
0.978026
0.996765
0.992876
0.983025
0.978376
0.997205
0.992416
0.982571
0.978821
0.997537
0.991952
0.982122
0.979364
0.997767
0.991485
0.981679
0.980009
0.997904
0.991017
0.981244
0.980756
0.997954
0.990546
0.980818
0.981603
0.997928
0.990074
0.980403
0.982546
0.997834
0.989602
0.979197
0.983575
0.99768
0.989129
0.978878
0.984678
0.997474
0.988655
0.978581
0.985839
0.997222
0.988182
0.978308
0.987041
0.996933
0.987708
0.978065
0.988261
0.99661
0.987235
0.977854
0.989478
0.99626
0.986762
0.977681
0.990667
0.995886
0.98629
0.977552
0.991808
0.995493
0.985819

0.087111
0.979002
0.980257
0.995309
0.978469
0.998569
0.982879
0.991
0.989051
0.980477
0.995138
0.978398
0.998568
0.982699
0.991335
0.988851
0.980708
0.994966
0.978334
0.998556
0.982522
0.993507
0.988651
0.98095
0.994791
0.978275
0.998536
0.982346
0.993839
0.988451
0.981201
0.994614
0.978224
0.998508
0.982171
0.994162
0.988251
0.981463
0.994436
0.978179
0.998471
0.981999
0.994474
0.988051
0.981735
0.994256
0.978141
0.998426
0.981828
0.994777
0.987851
0.982016
0.994074
0.97811
0.998373
0.98166
0.99507
0.987652
0.982307
0.99389
0.978087
0.998313
0.981493
0.995351
0.987452
0.982606
0.993705
0.978072
0.998246
0.981329
0.995621
0.987253
0.982914
0.993519
0.978064
0.998172
0.981167
0.99588
0.987054
0.98323
0.993331
0.978065
0.998091
0.981007
0.996127
0.986856
0.984875
0.993143
0.978073
0.998004
0.98085
0.996363
0.986658
0.985238
0.992953
0.978091
0.997911
0.980696
0.996586
0.98646
0.985607

0.0150449
0.813671
0.994113
0.994133
0.994133
0.994133
0.994133
0.994133
0.994133
0.994133
0.994133
0.994133
0.994133
0.994133
0.994133
0.994133
0.994133
0.994133
0.994133
0.994133
0.994133
0.994133
0.994133
0.994133
0.994133
0.994133
0.994133
0.994133
0.994133
0.994133
0.994133
0.994133
0.994133
0.994133
0.994133
0.994133
0.994133
0.994133
0.994133
0.994133
0.994133
0.994133
0.994133
0.994133
0.994133
0.994133
0.994133
0.994133
0.994133
0.994133
0.994133
0.994133
0.994133
0.992249
0.992249
0.992249
0.992249
0.992249
0.992249
0.992249
0.992249
0.98645
0.98645
0.98645
0.98645
0.98645
0.976757
0.96321
0.7652
0.477837
0.962591
0.976291
0.986138
0.994133
0.994133
0.994133
0.994133
0.994133
0.994133
0.994133
0.994133
0.994133
0.994133
0.994133
0.994133
0.994133
0.994133
0.994133
0.994133
0.994133
0.994133
0.994133
0.994133
0.994133
0.994133
0.994133
0.994133
0.994133
0.994133
0.994133
0.994133

0.0627284
0.985155
0.982799
0.982807
0.982807
0.97319
0.97319
0.959732
0.990383
0.958804
0.988311
0.988311
0.990383
0.990383
0.990383
0.990383
0.990383
0.990383
0.990383
0.990383
0.990383
0.990383
0.990383
0.990383
0.990383
0.990383
0.990383
0.990383
0.990383
0.990383
0.990383
0.990383
0.990383
0.990383
0.990383
0.990383
0.990383
0.990383
0.990383
0.990383
0.990383
0.990383
0.990383
0.990383
0.990383
0.990383
0.990383
0.990383
0.990383
0.990383
0.990383
0.990383
0.990383
0.990383
0.988545
0.982807
0.982807
0.982807
0.97319
0.959732
0.959732
0.97319
0.972491
0.988311
0.988311
0.990383
0.990383
0.990383
0.990383
0.990383
0.990383
0.990383
0.990383
0.990383
0.990383
0.990383
0.990383
0.990383
0.990383
0.990383
0.990383
0.990383
0.990383
0.990383
0.990383
0.990383
0.990383
0.990383
0.990383
0.990383
0.990383
0.990383
0.990383
0.990383
0.990383
0.990383
0.990383
0.990383
0.990383
0.990383
0.990383

0.0589805
0.962802
0.995687
0.995691
0.995691
0.995691
0.995691
0.995691
0.995691
0.995691
0.995691
0.995691
0.995691
0.995691
0.995691
0.995691
0.995691
0.995691
0.995691
0.995691
0.995691
0.995691
0.995691
0.995691
0.995691
0.995691
0.995691
0.993777
0.993777
0.987941
0.987941
0.987941
0.987941
0.987941
0.306922
0.977905
0.995691
0.995691
0.995691
0.995691
0.995691
0.995691
0.995691
0.995691
0.995691
0.995691
0.995691
0.995691
0.995691
0.995691
0.995691
0.995691
0.995691
0.995691
0.995691
0.995691
0.995691
0.995691
0.995691
0.995691
0.995691
0.995691
0.995691
0.995691
0.995691
0.995691
0.995691
0.995691
0.995691
0.995691
0.995691
0.995691
0.995691
0.995691
0.995691
0.995691
0.995691
0.995691
0.995691
0.995691
0.995691
0.995691
0.995691
0.995691
0.995691
0.995691
0.995691
0.995691
0.995691
0.995691
0.993777
0.987941
0.987941
0.987941
0.987941
0.987941
0.947207
0.306922
0.995691
0.995691
0.995691

0.0370264
0.941766
0.986876
0.9907
0.977468
0.997136
0.984072
0.984847
0.991342
0.977884
0.997324
0.984706
0.982957
0.991984
0.978365
0.99734
0.98534
0.980215
0.992625
0.978894
0.997141
0.985973
0.978997
0.993261
0.979458
0.996682
0.986606
0.978068
0.993891
0.980047
0.995924
0.987239
0.977418
0.994507
0.977785
0.987086
0.979463
0.918152
0.839989
0.86647
0.923194
0.97182
0.973279
0.993715
0.980747
0.99174
0.987434
0.97684
0.996186
0.98131
0.989821
0.988039
0.976851
0.996642
0.981881
0.987777
0.990422
0.976996
0.99701
0.982456
0.985719
0.991063
0.977246
0.997261
0.98443
0.983757
0.991705
0.97758
0.997357
0.985064
0.981982
0.992346
0.978658
0.997257
0.985697
0.980456
0.992985
0.979208
0.996917
0.98633
0.97921
0.993618
0.979788
0.996293
0.986963
0.977668
0.994241
0.980388
0.995353
0.987597
0.977165
0.994846
0.981002
0.994087
0.988231
0.976899
0.995426
0.981625
0.992511
0.988867
0.976834

0.0211446
0.996775
0.996821
0.996821
0.996821
0.96553
0.926859
0.8417
0.988947
0.994847
0.996821
0.996821
0.996821
0.996821
0.996821
0.996821
0.996821
0.996821
0.996821
0.996821
0.996821
0.996821
0.996821
0.996821
0.996821
0.996821
0.996821
0.996821
0.996821
0.996821
0.996821
0.996821
0.996821
0.996821
0.996821
0.996821
0.996821
0.996821
0.996821
0.996821
0.996821
0.996821
0.996821
0.996821
0.996821
0.996821
0.996821
0.996821
0.996821
0.996821
0.996821
0.996821
0.996821
0.988974
0.96553
0.901995
0.806383
0.988947
0.994847
0.996821
0.996821
0.996821
0.996821
0.996821
0.996821
0.996821
0.996821
0.996821
0.996821
0.996821
0.996821
0.996821
0.996821
0.996821
0.996821
0.996821
0.996821
0.996821
0.996821
0.996821
0.996821
0.996821
0.996821
0.996821
0.996821
0.996821
0.996821
0.996821
0.996821
0.996821
0.996821
0.996821
0.996821
0.996821
0.996821
0.996821
0.996821
0.996821
0.996821
0.996821
0.996821

