0.0179143
0.0179339
0.0179536
0.0179735
0.0179936
0.0180138
0.0180342
0.0180547
0.0181091
0.0181298
0.0181506
0.0182042
0.0181928
0.0182463
0.0182028
0.0182891
0.018279
0.0183635
0.0183229
0.0184072
0.0183675
0.0184515
0.0184126
0.0184964
0.018489
0.0185418
0.018535
0.0185879
0.0185514
0.0186051
0.0186287
0.0186525
0.0187336
0.0187004
0.0187533
0.0187489
0.0188018
0.0188262
0.0188508
0.0188755
0.0188435
0.0189253
0.018894
0.0189195
0.018945
0.0189707
0.0189965
0.0190224
0.0190484
0.0190461
0.0191008
0.0190989
0.0191812
0.0191522
0.0192343
0.019206
0.0192878
0.0192601
0.0193418
0.0192864
0.0193963
0.0193416
0.0194511
0.0194252
0.0195064
0.019508
0.019562
0.019564
0.019538
0.0196204
0.0195949
0.0196772
0.0196522
0.0197081
0.0197099
0.0197657
0.0197679
0.0198238
0.0198529
0.0198821
0.0199864
0.0199408
0.0200448
0.0200254
0.0201035
0.020133
0.0201626
0.0201922
0.0202219
0.0202517
0.0202816
0.0203342
0.0203181
0.0203942
0.0203785
0.0204968
0.0204151
0.0205571
0.0204761
0.0206176
0.0205611
0.0206784
0.0206673
0.020759
0.0207067
0.0208202
0.0207903
0.0208817
0.0208303
0.0209241
0.0208924
0.020966
0.0209547
0.0210482
0.0210172
0.0211105
0.021122
0.021192
0.0211847
0.0212727
0.0212672
0.0213354
0.0213301
0.0214154
0.0213932
0.0214784
0.0214565
0.0215068
0.0215384
0.0215879
0.0216196
0.0216514
0.0216654
0.0217317
0.0217291
0.0217954
0.0217743
0.0218424
0.0218188
0.0219062
0.0218828
0.0219701
0.0219661
0.0220341
0.0220485
0.0220982
0.0221126
0.0221789
0.0221767
0.0222589
0.0222751
0.0222905
0.0223393
0.022337
0.0224035
0.0224188
0.0224676
0.022483
0.0225318
0.0225471
0.022596
0.0226112
0.0226433
0.0226922
0.0227402
0.0227563
0.0228194
0.0228203
0.0228978
0.0228843
0.0229753
0.0229311
0.023052
0.0229949
0.023116
0.0230585
0.0231801
0.0231394
0.023244
0.0232193
0.0233078
0.0232828
0.0233716
0.0233462
0.0234473
0.0234094
0.0235109
0.0234725
0.0235744
0.0235355
0.0236377
0.0236144
0.0237009
0.0236923
0.023764
0.023755
0.0238269
0.0238457
0.0238897
0.0239082
0.0239522
0.0239705
0.0240146
0.0240187
0.0240768
0.0240805
0.0241255
0.0241421
0.0241872
0.0242035
0.0242486
0.0242646
0.0243097
0.0243402
0.0243706
0.024401
0.0244313
0.0244615
0.0244917
0.024536
0.0245518
0.0245961
0.0246116
0.0246414
0.0246711
0.0247008
0.0247452
0.0247748
0.0248043
0.0248338
0.0248631
0.0248924
0.0249216
0.0249186
0.0249797
0.0249761
0.0250375
0.0250333
0.0251101
0.0250901
0.0251817
0.0251466
0.0252389
0.0252027
0.0252957
0.0252583
0.0253521
0.0253318
0.0253929
0.0253869
0.0254483
0.0254416
0.0255191
0.0255138
0.0255579
0.025585
0.0256121
0.025639
0.0256824
0.0256748
0.0257517
0.0257277
0.0258051
0.02578
0.0258581
0.0258319
0.0259408
0.0258833
0.0259785
0.0259141
0.0260304
0.0259643
0.0260818
0.0260347
0.026116
0.0260842
0.026148
0.0261535
0.0262158
0.0262022
0.0262649
0.0262295
0.0263135
0.0262769
0.0263617
0.0263454
0.0263895
0.026392
0.0264362
0.0264381
0.0264824
0.026461
0.0265488
0.0265056
0.0265731
0.0265497
0.0266176
0.0265932
0.0266833
0.0266361
0.0267048
0.0266784
0.0267476
0.0266672
0.0267897
0.0267076
0.0267815
0.0267185
0.0268217
0.0267572
0.0268612
0.0267953
0.0269002
0.0268327
0.0269385
0.0268998
0.0269477
0.0269363
0.0269843
0.026941
0.0270202
0.0269758
0.0270248
0.0269768
0.027059
0.0270434
0.0270925
0.0270421
0.0271253
0.0270383
0.0271575
0.0269938
0.0272219
0.0270227
0.0272531
0.0270508
0.0272836
0.0270783
0.0273466
0.027105
0.0274087
0.0271713
0.0273709
0.027197
0.0273986
0.027222
0.0274256
0.0272869
0.0274152
0.0272697
0.0274773
0.0272925
0.0275021
0.0273145
0.0275261
0.0273357
0.0275494
0.0273562
0.0276466
0.0274194
0.0276694
0.0274389
0.0276914
0.0274575
0.0277127
0.0274754
0.0277332
0.0274003
0.0277529
0.0274156
0.0278106
0.0274301
0.0277902
0.0274438
0.0278076
0.0274568
0.0278243
0.0274689
0.0277984
0.0274802
0.027813
0.0275903
0.0278268
0.0276011
0.0278398
0.027611
0.027807
0.0275694
0.0277712
0.0275772
0.0277808
0.0275843
0.0277896
0.0276429
0.027646
0.0276488
0.0276515
0.027654
0.0276562
0.027549
0.0276058
0.0275514
0.0276083
0.027553
0.02761
0.0274958
0.0276109
0.0274951
0.0275532
0.0274335
0.0275519
0.0274913
0.0274898
0.0274881
0.0274247
0.0274842
0.0274197
0.0275407
0.0274766
0.0275964
0.0274706
0.0275911
0.0274637
0.0275229
0.0273915
0.027387
0.0273824
0.0273111
0.0273724
0.0273001
0.0272943
0.0272197
0.0272821
0.0272065
0.027269
0.0271216
0.0272551
0.0271061
0.0273099
0.0270898
0.0272949
0.0270726
0.0273488
0.0269803
0.0274699
0.0269609
0.0274542
0.0269407
0.0273684
0.0268425
0.0273504
0.0270497
0.0273316
0.0270282
0.027312
0.0270814
0.0272915
0.027208
0.0272703
0.0271857
0.0272482
0.0272368
0.0272987
0.0272135
0.0272015
0.0272637
0.0271013
0.0272393
0.0270753
0.0272142
0.0271255
0.0271882
0.0270985
0.0271614
0.0270707
0.0270565
0.0270421
0.0270275
0.0270127
0.0269977
0.0270613
0.0268869
0.0270309
0.0268549
0.0269997
0.0267397
0.0269677
0.0267056
0.0269349
0.026586
0.0269014
0.0265496
0.026867
0.0265984
0.0267489
0.0265611
0.0265421
0.026436
0.0265037
0.0263965

0.030487
0.0302637
0.0311457
0.0311045
0.0318181
0.0317741
0.0325045
0.032057
0.0330055
0.0327444
0.0337156
0.0336574
0.0340164
0.034379
0.0347454
0.0351156
0.0352646
0.0358675
0.0357865
0.036635
0.0363111
0.0374185
0.0370848
0.0382182
0.0376218
0.0390345
0.0384219
0.039351
0.0392385
0.0399218
0.0400721
0.0407706
0.040923
0.0413551
0.0415047
0.0422327
0.0423844
0.0431284
0.0429798
0.0440428
0.0432643
0.0443509
0.0441777
0.044966
0.0454384
0.0459156
0.0463978
0.046545
0.0473771
0.0475264
0.0483768
0.0485282
0.0486747
0.0491844
0.0496994
0.0502197
0.0503642
0.0512764
0.0510309
0.0519605
0.0521026
0.0530523
0.0531965
0.0541667
0.0538913
0.0548798
0.0541522
0.055595
0.0552858
0.0563118
0.0564428
0.0574909
0.0566853
0.0586944
0.0578695
0.059441
0.0585842
0.0611761
0.0587896
0.0624554
0.0600148
0.063761
0.0612651
0.0645675
0.0625413
0.0648326
0.0632847
0.0650672
0.0640277
0.0664222
0.0659453
0.0678049
0.0667174
0.0692159
0.0674888
0.0706556
0.0682591
0.0714981
0.0696753
0.0723404
0.0704589
0.073842
0.0712406
0.075374
0.0727157
0.0762485
0.0749287
0.0778283
0.0764793
0.0787185
0.0780612
0.0788641
0.0789208
0.0804939
0.0805509
0.0813781
0.0822135
0.0830572
0.083103
0.0839551
0.0848156
0.0848493
0.0865621
0.0865955
0.088343
0.0883761
0.0875098
0.0901917
0.0893062
0.0902176
0.0892794
0.092067
0.0911083
0.092996
0.0929727
0.0939183
0.0948731
0.0958369
0.09681
0.0977923
0.0967107
0.0987398
0.0965487
0.0996785
0.0974187
0.101704
0.0982775
0.101526
0.0979743
0.10128
0.0987807
0.103329
0.0971516
0.103002
0.0991123
0.1026
0.101109
0.100843
0.103142
0.10025
0.103895
0.10226
0.103279
0.104306
0.105343
0.100784
0.104622
0.104228
0.106705
0.104837
0.108823
0.10392
0.110978
0.105977
0.108563
0.108069
0.10438
0.110195
0.101556
0.110733
0.101884
0.107907
0.0987617
0.104886
0.0989441
0.103423
0.0973003
0.103639
0.0937042
0.0946079
0.0936484
0.0888634
0.0935464
0.0808548
0.0933966
0.0804229
0.0872105
0.081968
0.0847954
0.0814671
0.0822404
0.0745614
0.0731272
0.0694896
0.0613764
0.0686018
0.0603082
0.0653951
0.0591726
0.0620331
0.0556406
0.0491078
0.0519481
0.0452425
0.0505117
0.0436581
0.0416032
0.0345202
0.0398802
0.0275643
0.0355183
0.0229302
0.0309827
0.0207539
0.0262708
0.0104528
0.0240808
0.0106921
0.00806369
0.00816208
0.00266971
0.00836056
0.00575084
0.00576727
0.0144494
0.0174477
0.0204929
0.0265413
0.0267244
0.0329127
0.0391922
0.039473
0.0458922
0.0431307
0.0652098
0.0562972
0.0756069
0.0698209
0.0894531
0.080484
0.103637
0.10439
0.114905
0.122267
0.12643
0.140514
0.131567
0.145851
0.150228
0.161364
0.169229
0.183895
0.198636
0.189842
0.214904
0.199314
0.221238
0.219292
0.248145
0.229164
0.261689
0.246151
0.271986
0.25986
0.282413
0.28073
0.303325
0.294797
0.320941
0.309011
0.348885
0.319846
0.359932
0.348307
0.374462
0.366355
0.382271
0.391317
0.400373
0.409435
0.418501
0.424204
0.426536
0.445693
0.441376
0.453838
0.456236
0.475284
0.467748
0.486795
0.502306
0.495019
0.510571
0.509813
0.525271
0.531
0.54307
0.555019
0.560696
0.56014
0.581148
0.580708
0.595332
0.600898
0.606444
0.620672
0.614538
0.634413
0.628417
0.647978
0.658762
0.655886
0.671949
0.666453
0.677063
0.687469
0.68999
0.697647
0.697557
0.705152
0.710133
0.720035
0.724901
0.729727
0.734512
0.739257
0.748595
0.75093
0.762211
0.764517
0.768977
0.775519
0.781936
0.779967
0.79043
0.788515
0.79873
0.804721
0.804911
0.810808
0.810966
0.816767
0.82243
0.826201
0.82992
0.838576
0.835501
0.842401
0.844272
0.849306
0.852678
0.858934
0.857771
0.86247
0.864197
0.865897
0.869005
0.872059
0.875058
0.875287
0.879584
0.879794
0.885263
0.884177
0.888261
0.890975
0.891161
0.896238
0.895224
0.901283
0.901517
0.905058
0.907423
0.908714
0.91199
0.91324
0.915422
0.91755
0.91874
0.920794
0.921057
0.923074
0.924184
0.926946
0.9272
0.929074
0.929287
0.931912
0.932911
0.933892
0.934856
0.935802
0.93673
0.937641
0.938536
0.940173
0.940276
0.942607
0.941952
0.944256
0.945058
0.945844
0.947308
0.947373
0.949467
0.94954
0.950915
0.950958
0.952931
0.953609
0.954275
0.955515
0.955567
0.957337
0.95847
0.958561
0.959673
0.959739
0.960829
0.961391
0.962425
0.962966
0.963497
0.964464
0.964529
0.965888
0.966381
0.967237
0.967712
0.968178
0.968635
0.969083
0.96986
0.970292
0.970715
0.97113
0.971537
0.972239
0.972631
0.973015
0.973392
0.973761
0.97439
0.974745
0.975094
0.975436
0.975771
0.976099
0.976421
0.976736
0.977045
0.977348
0.977645
0.977936
0.978221
0.9785
0.978773
0.979041
0.979303
0.97956
0.980048
0.980058
0.980735
0.980773
0.981204
0.981232
0.981653
0.981871
0.982084
0.982292
0.982496
0.982695
0.98289
0.983081
0.98343
0.983449
0.983791
0.983802
0.984136
0.984302
0.984465
0.984623
0.984779
0.985056
0.985078
0.985348
0.985362
0.985626
0.98576
0.98589

0.0331091
0.0338359
0.0345775
0.0358007
0.0361066
0.0373795
0.0379467
0.0395214
0.0396144
0.0417642
0.0413509
0.0435875
0.0434359
0.0454857
0.0459001
0.0474619
0.048188
0.0495192
0.0508811
0.0516608
0.0530782
0.0548441
0.0553651
0.0572027
0.0584178
0.0596575
0.061612
0.0625652
0.0642458
0.065238
0.0677225
0.0680191
0.0713582
0.0713074
0.0743865
0.0747413
0.0783408
0.0787446
0.0820637
0.0825015
0.0855226
0.0859776
0.0886724
0.0900557
0.0928603
0.0947859
0.0967493
0.0997271
0.100792
0.10439
0.106541
0.108734
0.11097
0.113249
0.115572
0.119054
0.120352
0.124543
0.12591
0.130848
0.132309
0.136822
0.13898
0.142421
0.144659
0.148231
0.151876
0.15493
0.160722
0.161898
0.167218
0.169853
0.174658
0.176677
0.182389
0.185997
0.189668
0.194925
0.198754
0.204961
0.207402
0.213039
0.217179
0.222202
0.226495
0.232524
0.236988
0.242374
0.247854
0.253428
0.257346
0.263984
0.269836
0.275784
0.280008
0.287056
0.293285
0.298677
0.307865
0.311599
0.320082
0.327712
0.332642
0.342322
0.346502
0.357289
0.363539
0.370785
0.377186
0.385527
0.390183
0.401504
0.406361
0.415957
0.420915
0.432517
0.438609
0.44752
0.452759
0.462755
0.469985
0.478197
0.487375
0.49567
0.503093
0.511464
0.518014
0.529176
0.53847
0.545194
0.556971
0.562139
0.572268
0.581495
0.589149
0.599758
0.605962
0.615055
0.622665
0.630244
0.639889
0.645293
0.654901
0.662338
0.669723
0.677737
0.68432
0.692896
0.700048
0.707129
0.715431
0.721733
0.730433
0.736008
0.743918
0.750528
0.757047
0.764049
0.769802
0.77717
0.782753
0.789873
0.79581
0.801643
0.808343
0.813968
0.819486
0.825748
0.830642
0.836626
0.841714
0.847038
0.851909
0.856983
0.861914
0.866183
0.870898
0.875471
0.879456
0.883817
0.887833
0.891745
0.895556
0.899264
0.903073
0.906382
0.909991
0.913304
0.916522
0.919804
0.922676
0.925771
0.928619
0.931378
0.93405
0.936751
0.939139
0.941747
0.944011
0.946344
0.948526
0.950634
0.952669
0.954633
0.956528
0.958356
0.960118
0.961817
0.963454
0.965032
0.966552
0.968015
0.969424
0.97078
0.972085
0.973341
0.974547
0.975707
0.976822
0.977892
0.978919
0.979904
0.980849
0.981754
0.98262
0.983449
0.984242
0.985
0.985724
0.986414
0.987073
0.9877
0.988298
0.988866
0.989407
0.989921
0.990409
0.990872
0.991312
0.991728
0.992123
0.992497
0.992851
0.993186
0.993503
0.993802
0.994085
0.994352
0.994604
0.994842
0.995067
0.995279
0.995478
0.995666
0.995843
0.996009
0.996165
0.996312
0.996451
0.99658
0.996702
0.996816
0.996923
0.997024
0.997118
0.997206
0.997288
0.997365
0.997437
0.997504
0.997567
0.997626
0.99768
0.997732
0.997779
0.997824
0.997865
0.997904
0.99794
0.997974
0.998005
0.998035
0.998062
0.998087
0.998111
0.998133
0.998154
0.998173
0.998191
0.998208
0.998223
0.998238
0.998251
0.998264
0.998276
0.998287
0.998297
0.998307
0.998316
0.998324
0.998332
0.998339
0.998346
0.998353
0.998359
0.998364
0.998369
0.998374
0.998379
0.998383
0.998387
0.998391
0.998395
0.998398
0.998401
0.998404
0.998407
0.99841
0.998412
0.998414
0.998416
0.998419
0.99842
0.998422
0.998424
0.998426
0.998427
0.998429
0.99843
0.998431
0.998432
0.998434
0.998435
0.998436
0.998437
0.998438
0.998439
0.998439
0.99844
0.998441
0.998442
0.998442
0.998443
0.998443
0.998444
0.998445
0.998445
0.998446
0.998446
0.998447
0.998447
0.998447
0.998448
0.998448
0.998448
0.998449
0.998449
0.998449
0.99845
0.99845
0.99845
0.99845
0.998451
0.998451
0.998451
0.998451
0.998452
0.998452
0.998452
0.998452
0.998452
0.998452
0.998453
0.998453
0.998453
0.998453
0.998453
0.998453
0.998453
0.998454
0.998454
0.998454
0.998454
0.998454
0.998454
0.998454
0.998454
0.998454
0.998454
0.998454
0.998454
0.998455
0.998455
0.998455
0.998455
0.998455
0.998455
0.998455
0.998455
0.998455
0.998455
0.998455
0.998455
0.998455
0.998455
0.998455
0.998455
0.998455
0.998455
0.998455
0.998455
0.998455
0.998455
0.998455
0.998456
0.998456
0.998456
0.998456
0.998456
0.998456
0.998456
0.998456
0.998456
0.998456
0.998456
0.998456
0.998456
0.998456
0.998456
0.998456
0.998456
0.998456
0.998456
0.998456
0.998456
0.998456
0.998456
0.998456
0.998456
0.998456
0.998456
0.998456
0.998456
0.998456
0.998456
0.998456
0.998456
0.998456
0.998456
0.998456
0.998456
0.998456
0.998456
0.998456
0.998456
0.998456
0.998456
0.998456
0.998456
0.998456
0.998456
0.998456
0.998456
0.998456
0.998456
0.998456
0.998456
0.998456
0.998456
0.998456
0.998456
0.998456
0.998456
0.998456
0.998456
0.998456
0.998456
0.998456
0.998456
0.998456
0.998456
0.998456
0.998456
0.998456
0.998456
0.998456
0.998456
0.998456
0.998456
0.998456
0.998456
0.998456
0.998456
0.998456
0.998456
0.998456
0.998456
0.998456
0.998456
0.998456

0.0110459
0.0112894
0.0115636
0.0118226
0.0121119
0.0123873
0.0126925
0.0129956
0.0133075
0.0136377
0.013959
0.0143077
0.0146491
0.0150175
0.0153804
0.0157541
0.0161552
0.0165524
0.0169763
0.0173983
0.0178571
0.018288
0.0187778
0.019232
0.0197562
0.020252
0.0207897
0.0213196
0.0218846
0.0224513
0.0230468
0.0236511
0.0242781
0.0249231
0.0255837
0.0262706
0.0269757
0.0277016
0.0284487
0.0292179
0.03001
0.0308257
0.0316618
0.0325307
0.0334253
0.0343388
0.0352922
0.036262
0.0372644
0.0383065
0.03936
0.040471
0.0415824
0.0427637
0.0439394
0.0451953
0.0464391
0.04778
0.0490903
0.0505165
0.0519021
0.0534186
0.0549001
0.0564965
0.0580802
0.0597701
0.0614381
0.0632418
0.0649795
0.0669158
0.068729
0.0708
0.0727284
0.0749293
0.0769689
0.0793226
0.0814971
0.083966
0.0862662
0.0889041
0.0913213
0.0941055
0.0966789
0.0996346
0.102397
0.105402
0.108416
0.1116
0.114571
0.118206
0.121305
0.1252
0.128574
0.132603
0.136197
0.14036
0.144197
0.148555
0.152658
0.15727
0.161603
0.166481
0.170966
0.17614
0.181035
0.186405
0.191568
0.197318
0.202566
0.208741
0.214379
0.220772
0.226701
0.233432
0.239526
0.246631
0.25313
0.260711
0.267555
0.27536
0.282519
0.290819
0.298173
0.306858
0.31452
0.323592
0.331744
0.340527
0.349283
0.3586
0.367676
0.377334
0.38648
0.396473
0.405856
0.416166
0.425443
0.436056
0.446476
0.457014
0.467305
0.477659
0.488869
0.49895
0.510752
0.520456
0.53101
0.542083
0.552637
0.562556
0.574818
0.584021
0.596933
0.60529
0.615447
0.627005
0.635386
0.647619
0.651901
0.667731
0.672391
0.686341
0.686762
0.706097
0.700835
0.724202
0.714963
0.738196
0.729448
0.742432
0.739578
0.747548
0.749987
0.751843
0.76103
0.762146
0.762672
0.758046
0.766603
0.745329
0.771372
0.748195
0.758925
0.734841
0.745585
0.697696
0.701677
0.657104
0.675934
0.631342
0.625858
0.571441
0.596317
0.499733
0.501493
0.45248
0.438241
0.402308
0.381683
0.332808
0.293927
0.236788
0.213735
0.166673
0.0948876
0.100886
0.034189
0.027938
0.0575913
0.0273967
0.113079
0.101288
0.186594
0.199106
0.259369
0.28945
0.31929
0.37182
0.343626
0.434958
0.3906
0.485376
0.442196
0.549833
0.497792
0.581483
0.576975
0.641141
0.627313
0.679228
0.661346
0.702474
0.702899
0.72068
0.729586
0.73417
0.763226
0.771493
0.775731
0.772108
0.810223
0.784339
0.828478
0.79624
0.839203
0.818643
0.849584
0.839842
0.862772
0.859811
0.869326
0.869496
0.872703
0.869818
0.890543
0.873159
0.896392
0.879418
0.899385
0.891222
0.904981
0.897023
0.905212
0.894484
0.905427
0.897454
0.905625
0.903061
0.905805
0.905888
0.905967
0.908661
0.908731
0.908796
0.913987
0.914044
0.911548
0.914144
0.91164
0.914228
0.919252
0.914299
0.924158
0.916869
0.926577
0.919393
0.933499
0.916957
0.933535
0.919464
0.933564
0.91949
0.933588
0.919511
0.935826
0.919528
0.935841
0.919542
0.935854
0.921992
0.935864
0.922001
0.935872
0.922008
0.935878
0.922014
0.935884
0.922019
0.935888
0.919583
0.935892
0.919586
0.933675
0.919589
0.933677
0.919591
0.933679
0.919593
0.933681
0.919594
0.935902
0.922035
0.935903
0.922036
0.935904
0.924439
0.935905
0.92444
0.935905
0.924441
0.935906
0.926808
0.935906
0.926808
0.935907
0.926808
0.935907
0.926809
0.935907
0.926809
0.935908
0.926809
0.93809
0.929139
0.93809
0.931432
0.938091
0.931433
0.938091
0.931433
0.938091
0.933689
0.938091
0.933689
0.938091
0.933689
0.938091
0.935909
0.938091
0.938091
0.938091
0.938091
0.938091
0.938091
0.938091
0.938091
0.938091
0.938091
0.938091
0.938092
0.938092
0.938092
0.938092
0.938092
0.938092
0.940237
0.940237
0.940237
0.940237
0.940237
0.940237
0.940237
0.940237
0.940237
0.940237
0.940237
0.942345
0.942345
0.944417
0.944417
0.944417
0.944417
0.944417
0.944417
0.944417
0.944417
0.944417
0.944417
0.944417
0.944417
0.944417
0.944417
0.94645
0.944417
0.94645
0.944417
0.94645
0.944417
0.94645
0.944417
0.94645
0.944417
0.94645
0.944417
0.94645
0.944417
0.94645
0.944417
0.94645
0.944417
0.94645
0.944417
0.94645
0.944417
0.948447
0.944417
0.948447
0.944417
0.948447
0.944417
0.948447
0.944417
0.948447
0.944417
0.948447
0.944417
0.948447
0.944417
0.948447
0.944417
0.948447
0.944417
0.948447
0.94645
0.948447
0.94645
0.948447
0.94645
0.948447
0.94645
0.948447
0.948447
0.948447
0.950406
0.948447
0.950406
0.948447
0.950406
0.948447
0.950406
0.948447
0.950406
0.948447
0.950406
0.948447
0.950406
0.948447
0.950406
0.948447
0.950406
0.948447
0.950406
0.948447
0.950406
0.948447
0.950406
0.948447
0.950406
0.948447
0.950406
0.948447
0.950406
0.948447
0.950406
0.948447
0.950406
0.948447
0.950406
0.948447
0.950406
0.948447
0.950406
0.948447
0.950406
0.948447
0.950406
0.950406
0.952328
0.950406
0.952328

0.0107806
0.0106402
0.0115057
0.0116222
0.0133933
0.012702
0.0143243
0.0141987
0.0159682
0.0161923
0.0177895
0.018772
0.0198056
0.0212747
0.0216387
0.023648
0.0232173
0.0258277
0.0253812
0.0286873
0.0287434
0.0333675
0.0319444
0.0369577
0.0366173
0.0409083
0.0399782
0.0465041
0.0443048
0.0520369
0.0497695
0.0567029
0.0558045
0.0640893
0.064878
0.0706029
0.0723748
0.0777235
0.0806114
0.0873821
0.0915962
0.0969975
0.102655
0.107512
0.116955
0.120123
0.126861
0.137473
0.137519
0.152689
0.158199
0.163876
0.176621
0.181475
0.189339
0.203458
0.21206
0.220945
0.236512
0.250993
0.264329
0.276441
0.293941
0.30856
0.330259
0.337268
0.363222
0.377735
0.392538
0.405882
0.428092
0.448743
0.462904
0.48715
0.508051
0.524313
0.537477
0.556949
0.576296
0.592523
0.612981
0.626093
0.644691
0.660241
0.6742
0.687906
0.70268
0.719673
0.733706
0.748524
0.759484
0.775625
0.785947
0.796951
0.807587
0.820722
0.832279
0.84172
0.850003
0.858746
0.867137
0.875904
0.884244
0.891562
0.898551
0.905757
0.912076
0.918527
0.923788
0.929569
0.934952
0.939706
0.944176
0.948368
0.952127
0.955656
0.958964
0.962341
0.965227
0.967916
0.970416
0.972738
0.97489
0.976884
0.97873
0.980439
0.982021
0.983552
0.984906
0.98616
0.987322
0.988398
0.989395
0.990316
0.991168
0.991954
0.992679
0.993345
0.993956
0.994516
0.995028
0.995496
0.995923
0.996312
0.996665
0.997004
0.997296
0.997562
0.997802
0.998019
0.998215
0.99839
0.998548
0.998687
0.998812
0.998921
0.999018
0.999102
0.999176
0.99924
0.999295
0.999343
0.999384
0.999419
0.999449
0.999475
0.999497
0.999515
0.999531
0.999545
0.999556
0.999566
0.999574
0.999581
0.999586
0.999591
0.999595
0.999599
0.999602
0.999604
0.999606
0.999608
0.999609
0.99961
0.999611
0.999612
0.999613
0.999614
0.999614
0.999614
0.999615
0.999615
0.999615
0.999615
0.999616
0.999616
0.999616
0.999616
0.999616
0.999616
0.999616
0.999616
0.999616
0.999616
0.999616
0.999616
0.999616
0.999616
0.999616
0.999616
0.999616
0.999616
0.999616
0.999616
0.999616
0.999616
0.999616
0.999616
0.999616
0.999616
0.999616
0.999616
0.999616
0.999616
0.999616
0.999616
0.999616
0.999616
0.999616
0.999616
0.999616
0.999616
0.999616
0.999616
0.999616
0.999616
0.999616
0.999616
0.999616
0.999616
0.999616
0.999616
0.999616
0.999616
0.999616
0.999616
0.999616
0.999616
0.999616
0.999616
0.999616
0.999616
0.999616
0.999616
0.999616
0.999616
0.999616
0.999616
0.999616
0.999616
0.999616
0.999616
0.999616
0.999616
0.999616
0.999616
0.999616
0.999616
0.999616
0.999616
0.999616
0.999616
0.999616
0.999616
0.999616
0.999616
0.999616
0.999616
0.999616
0.999616
0.999616
0.999616
0.999616
0.999616
0.999616
0.999616
0.999616
0.999616
0.999616
0.999616
0.999616
0.999616
0.999616
0.999616
0.999616
0.999616
0.999616
0.999616
0.999616
0.999616
0.999616
0.999616
0.999616
0.999616
0.999616
0.999616
0.999616
0.999616
0.999616
0.999616
0.999616
0.999616
0.999616
0.999616
0.999616
0.999616
0.999616
0.999616
0.999616
0.999616
0.999616
0.999616
0.999616
0.999616
0.999616
0.999616
0.999616
0.999616
0.999616
0.999616
0.999616
0.999616
0.999616
0.999616
0.999616
0.999616
0.999616
0.999616
0.999616
0.999616
0.999616
0.999616
0.999616
0.999616
0.999616
0.999616
0.999616
0.999616
0.999616
0.999616
0.999616
0.999616
0.999616
0.999616
0.999616
0.999616
0.999616
0.999616
0.999616
0.999616
0.999616
0.999616
0.999616
0.999616
0.999616
0.999616
0.999616
0.999616
0.999616
0.999616
0.999616
0.999616
0.999616
0.999616
0.999616
0.999616
0.999616
0.999616
0.999616
0.999616
0.999616
0.999616
0.999616
0.999616
0.999616
0.999616
0.999616
0.999616
0.999616
0.999616
0.999616
0.999616
0.999616
0.999616
0.999616
0.999616
0.999616
0.999616
0.999616
0.999616
0.999616
0.999616
0.999616
0.999616
0.999616
0.999616
0.999616
0.999616
0.999616
0.999616
0.999616
0.999616
0.999616
0.999616
0.999616
0.999616
0.999616
0.999616
0.999616
0.999616
0.999616
0.999616
0.999616
0.999616
0.999616
0.999616
0.999616
0.999616
0.999616
0.999616
0.999616
0.999616
0.999616
0.999616
0.999616
0.999616
0.999616
0.999616
0.999616
0.999616
0.999616
0.999616
0.999616
0.999616
0.999616
0.999616
0.999616
0.999616
0.999616
0.999616
0.999616
0.999616
0.999616
0.999616
0.999616
0.999616
0.999616
0.999616
0.999616
0.999616
0.999616
0.999616
0.999616
0.999616
0.999616
0.999616
0.999616
0.999616
0.999616
0.999616
0.999616
0.999616
0.999616
0.999616
0.999616
0.999616
0.999616
0.999616
0.999616
0.999616
0.999616
0.999616
0.999616
0.999616
0.999616
0.999616
0.999616
0.999616
0.999616
0.999616
0.999616
0.999616
0.999616
0.999616
0.999616
0.999616
0.999616
0.999616
0.999616
0.999616

0.0236772
0.0250409
0.0258566
0.0273548
0.0284237
0.0298964
0.0312595
0.032688
0.0341851
0.0359708
0.0378514
0.0393595
0.041672
0.0430807
0.0456209
0.0471664
0.050841
0.0522807
0.0556889
0.0576094
0.0613618
0.0631156
0.0672356
0.0703829
0.0745219
0.0775741
0.0821301
0.085981
0.0915034
0.0947561
0.100824
0.105549
0.112815
0.118693
0.124243
0.132617
0.138137
0.147997
0.155575
0.163515
0.173319
0.181308
0.193584
0.201633
0.216577
0.227224
0.239168
0.25332
0.267179
0.28073
0.293037
0.308525
0.325454
0.340225
0.357327
0.376715
0.392137
0.413332
0.428828
0.449975
0.467152
0.487255
0.505919
0.524818
0.546455
0.565683
0.587351
0.605869
0.626593
0.646365
0.665193
0.685042
0.703183
0.719615
0.737476
0.754128
0.769569
0.78555
0.800239
0.813676
0.827437
0.839917
0.851648
0.862638
0.872512
0.882461
0.891022
0.898975
0.906684
0.914083
0.920667
0.926585
0.932094
0.937404
0.942191
0.94666
0.950832
0.954725
0.958352
0.961723
0.964848
0.967735
0.970392
0.97283
0.975062
0.977218
0.979079
0.98078
0.98234
0.983894
0.985224
0.986463
0.987623
0.988714
0.989744
0.990721
0.99164
0.992504
0.993313
0.994066
0.994762
0.995399
0.995979
0.996501
0.996967
0.997381
0.997744
0.998061
0.998335
0.998571
0.998771
0.998941
0.999084
0.999203
0.999303
0.999385
0.999453
0.999509
0.999555
0.999593
0.999623
0.999648
0.999669
0.999685
0.999699
0.999709
0.999718
0.999725
0.999731
0.999736
0.999739
0.999742
0.999745
0.999747
0.999748
0.999749
0.999751
0.999751
0.999752
0.999752
0.999753
0.999753
0.999753
0.999754
0.999754
0.999754
0.999754
0.999754
0.999754
0.999754
0.999754
0.999754
0.999754
0.999754
0.999754
0.999754
0.999754
0.999754
0.999754
0.999754
0.999754
0.999754
0.999754
0.999754
0.999754
0.999754
0.999754
0.999754
0.999754
0.999754
0.999754
0.999754
0.999754
0.999754
0.999754
0.999754
0.999754
0.999754
0.999754
0.999754
0.999754
0.999754
0.999754
0.999754
0.999754
0.999754
0.999754
0.999754
0.999754
0.999754
0.999754
0.999754
0.999754
0.999754
0.999754
0.999754
0.999754
0.999754
0.999754
0.999754
0.999754
0.999754
0.999754
0.999754
0.999754
0.999754
0.999754
0.999754
0.999754
0.999754
0.999754
0.999754
0.999754
0.999754
0.999754
0.999754
0.999754
0.999754
0.999754
0.999754
0.999754
0.999754
0.999754
0.999754
0.999754
0.999754
0.999754
0.999754
0.999754
0.999754
0.999754
0.999754
0.999754
0.999754
0.999754
0.999754
0.999754
0.999754
0.999754
0.999754
0.999754
0.999754
0.999754
0.999754
0.999754
0.999754
0.999754
0.999754
0.999754
0.999754
0.999754
0.999754
0.999754
0.999754
0.999754
0.999754
0.999754
0.999754
0.999754
0.999754
0.999754
0.999754
0.999754
0.999754
0.999754
0.999754
0.999754
0.999754
0.999754
0.999754
0.999754
0.999754
0.999754
0.999754
0.999754
0.999754
0.999754
0.999754
0.999754
0.999754
0.999754
0.999754
0.999754
0.999754
0.999754
0.999754
0.999754
0.999754
0.999754
0.999754
0.999754
0.999754
0.999754
0.999754
0.999754
0.999754
0.999754
0.999754
0.999754
0.999754
0.999754
0.999754
0.999754
0.999754
0.999754
0.999754
0.999754
0.999754
0.999754
0.999754
0.999754
0.999754
0.999754
0.999754
0.999754
0.999754
0.999754
0.999754
0.999754
0.999754
0.999754
0.999754
0.999754
0.999754
0.999754
0.999754
0.999754
0.999754
0.999754
0.999754
0.999754
0.999754
0.999754
0.999754
0.999754
0.999754
0.999754
0.999754
0.999754
0.999754
0.999754
0.999754
0.999754
0.999754
0.999754
0.999754
0.999754
0.999754
0.999754
0.999754
0.999754
0.999754
0.999754
0.999754
0.999754
0.999754
0.999754
0.999754
0.999754
0.999754
0.999754
0.999754
0.999754
0.999754
0.999754
0.999754
0.999754
0.999754
0.999754
0.999754
0.999754
0.999754
0.999754
0.999754
0.999754
0.999754
0.999754
0.999754
0.999754
0.999754
0.999754
0.999754
0.999754
0.999754
0.999754
0.999754
0.999754
0.999754
0.999754
0.999754
0.999754
0.999754
0.999754
0.999754
0.999754
0.999754
0.999754
0.999754
0.999754
0.999754
0.999754
0.999754
0.999754
0.999754
0.999754
0.999754
0.999754
0.999754
0.999754
0.999754
0.999754
0.999754
0.999754
0.999754
0.999754
0.999754
0.999754
0.999754
0.999754
0.999754
0.999754
0.999754
0.999754
0.999754
0.999754
0.999754
0.999754
0.999754
0.999754
0.999754
0.999754
0.999754
0.999754
0.999754
0.999754
0.999754
0.999754
0.999754
0.999754
0.999754
0.999754
0.999754
0.999754
0.999754
0.999754
0.999754
0.999754
0.999754
0.999754
0.999754
0.999754
0.999754
0.999754
0.999754
0.999754
0.999754
0.999754
0.999754
0.999754
0.999754
0.999754
0.999754
0.999754
0.999754
0.999754
0.999754
0.999754
0.999754
0.999754
0.999754
0.999754
0.999754
0.999754
0.999754
0.999754
0.999754
0.999754
0.999754
0.999754
0.999754

