0.00531978
0.00515687
0.00533679
0.0051758
0.00535362
0.0051383
0.00537026
0.00521305
0.00538672
0.00528609
0.00545674
0.00530357
0.00541907
0.00532086
0.00543498
0.00528518
0.0054507
0.00535486
0.00546625
0.00532006
0.00548161
0.00528612
0.00554673
0.00530369
0.00561021
0.005271
0.00562383
0.00528879
0.0055894
0.00525731
0.00560329
0.00532377
0.00566368
0.00529308
0.00563057
0.00526314
0.00564397
0.00528109
0.00570211
0.00534521
0.00567027
0.00536218
0.00563918
0.00537896
0.00560884
0.00535085
0.00562255
0.00536777
0.00559331
0.00534069
0.00560723
0.00535775
0.00562097
0.0053746
0.00567571
0.00534881
0.00568858
0.00540767
0.00566117
0.0054239
0.00567424
0.00543992
0.00568713
0.00545574
0.00569986
0.00547135
0.00571243
0.00540771
0.00568698
0.00546303
0.00569969
0.00547851
0.00571224
0.00549378
0.00576105
0.00554638
0.0057728
0.00552369
0.00571313
0.00557498
0.0056182
0.00558898
0.00559591
0.00563833
0.00557406
0.00565151
0.00562312
0.00569897
0.00560172
0.0057788
0.00561524
0.00575699
0.00562856
0.00576861
0.00564168
0.00581247
0.0056546
0.00582336
0.00566731
0.00580244
0.00564723
0.00578187
0.00565991
0.00576163
0.00570425
0.00580394
0.00571616
0.00581471
0.00566531
0.00579498
0.00570856
0.00577552
0.0057202
0.00578641
0.0056706
0.00579711
0.00568247
0.00580762
0.00569411
0.00578876
0.00573525
0.00579919
0.00571674
0.0057806
0.00569837
0.00579092
0.00570941
0.00580103
0.00572023
0.00581095
0.00573082
0.00582066
0.00574119
0.00583017
0.00575133
0.00583947
0.00573319
0.00584858
0.00574312
0.00585748
0.00575281
0.00586619
0.00573464
0.00584809
0.00577149
0.00585659
0.00578048
0.00586489
0.00581605
0.00587298
0.00582439
0.00588086
0.00583252
0.0059142
0.00584042
0.0059215
0.0058481
0.00590325
0.00588129
0.0059103
0.00588838
0.00591715
0.00589526
0.00592378
0.00592703
0.00590517
0.00595811
0.0059115
0.00593947
0.00591763
0.00594539
0.00592353
0.00595109
0.00592923
0.00595659
0.00593471
0.00596189
0.00591525
0.0059912
0.00592036
0.00599602
0.00590041
0.00602451
0.00592992
0.00605248
0.00595888
0.00607995
0.00593859
0.0060839
0.00594259
0.00606441
0.00594637
0.00606802
0.00594992
0.00607146
0.00595326
0.00607471
0.00595637
0.00607778
0.00593455
0.00608067
0.00598642
0.00608338
0.00598889
0.00610927
0.00599116
0.00611166
0.0059932
0.00611388
0.00599504
0.0060924
0.00599665
0.0060942
0.00599806
0.00607189
0.00599924
0.00607324
0.00600022
0.0060744
0.00602586
0.00607537
0.00602651
0.00607615
0.00602695
0.00607674
0.00602719
0.00607714
0.00602722
0.00607734
0.00605233
0.00607736
0.00605209
0.00612702
0.00605166
0.00612698
0.00607656
0.00615167
0.0060759
0.00612638
0.00607506
0.00612582
0.00607402
0.00612509
0.00607279
0.00612417
0.00609763
0.00614898
0.00609623
0.00614794
0.00612112
0.00614673
0.00611959
0.00614535
0.00611789
0.0061438
0.006116
0.00608766
0.00614117
0.00611285
0.00616645
0.00608264
0.00619188
0.00607985
0.00619014
0.00610533
0.00618825
0.00610246
0.00624182
0.00612823
0.00624024
0.00612532
0.00623852
0.00612224
0.00623666
0.00611899
0.00623467
0.00611556
0.00623253
0.00611196
0.00623025
0.00610819
0.00625762
0.00616589
0.00625543
0.00613144
0.0062531
0.00615898
0.00621972
0.00615528
0.00621673
0.00618343
0.00621359
0.00621197
0.00621031
0.00620862
0.00620689
0.00620512
0.00620332
0.00620148
0.00626613
0.00619768
0.00629648
0.00619375
0.00626003
0.00615491
0.00629101
0.00615022
0.00628809
0.00614537
0.00631997
0.00614036
0.00631727
0.00613519
0.0063501
0.00620385
0.00638354
0.00623649
0.00638148
0.00626974
0.00641596
0.00626599
0.00637704
0.0062621
0.00637466
0.00625808
0.00641038
0.00629316
0.00640832
0.00632894
0.0064452
0.00632562
0.00648282
0.00632218
0.00644166
0.00631861
0.00643973
0.00631492
0.00643771
0.00631111
0.00643558
0.00630717
0.00639087
0.00634639
0.00638794
0.0063428
0.0063849
0.00633909
0.00638174
0.00633526
0.00637846
0.006422
0.00637507
0.00641918
0.00637157
0.00641625
0.0064613
0.00641321
0.00645884
0.00641005
0.00645628
0.00640678
0.00645361
0.00645224
0.00645083
0.00635014
0.00644794
0.00639628
0.00644494
0.00639254
0.00644183
0.00644023
0.00643861
0.00643695
0.00643526
0.00648624
0.00643181
0.00648343
0.00642823
0.00648051
0.00636982
0.00642265
0.00630959
0.00641877
0.0063042
0.00641478
0.00635583
0.00641066
0.00652308
0.00646418
0.00652027
0.00640205
0.00657571
0.00633804
0.00657343
0.00639294
0.00657103
0.00632715
0.00656853
0.0063215
0.0065659
0.00631571
0.00656317
0.00630979
0.00649731
0.00623932
0.00649355
0.00629752
0.00655426
0.00629118
0.00648566
0.0062847
0.00648152
0.00627807
0.00640999
0.0062713
0.00640477
0.00626438
0.00639943
0.00625732
0.00639394
0.00625011
0.00631751
0.00624275
0.00638256
0.00623524
0.00630417
0.00608053
0.00629728
0.00614552
0.00629024
0.00613671
0.00628306
0.00612773
0.00627573
0.0061186
0.00626824
0.00595322
0.00626061
0.00594203
0.00633132
0.00585054
0.00632426
0.00583813
0.00631704
0.00590745
0.00630968
0.0058128
0.00622013
0.00579987
0.00629448
0.00587132
0.00628666
0.00594416
0.00627867
0.00593249
0.00627054
0.00600745
0.00617571
0.00599635
0.00616634
0.00598508
0.00606822
0.00606294
0.00605761
0.00596203
0.00604683
0.00585888
0.00603589
0.005846
0.00602477
0.00583295
0.00601349
0.00572533
0.00600203
0.00571099
0.00599041
0.0056
0.00597861
0.00558436
0.00596663
0.00556853
0.00595449
0.00565182
0.00584308
0.00563657
0.00582964
0.00562114
0.0057148
0.00570744
0.00570005
0.0056926
0.00568511
0.00567758
0.00556569
0.00566237
0.00554944
0.00564699
0.005533
0.00573791
0.00562357

0.020787
0.0210515
0.0212004
0.0214693
0.0216212
0.0218651
0.0220497
0.0222979
0.022486
0.022769
0.0228978
0.0232181
0.0233496
0.0237057
0.0238097
0.0241717
0.0242434
0.024615
0.0247199
0.0250978
0.0252052
0.0255893
0.0256993
0.0260564
0.0262024
0.0265656
0.0267885
0.0270842
0.0273818
0.0276123
0.02788
0.0281501
0.0284227
0.0286978
0.0289754
0.0292555
0.0295004
0.0297854
0.0300731
0.0303633
0.0306161
0.0309519
0.0312897
0.0315513
0.0318952
0.0321618
0.0325119
0.0328245
0.03314
0.0334584
0.0337797
0.0341842
0.0344312
0.0348816
0.0350948
0.035553
0.0357707
0.0362369
0.0364591
0.0369335
0.0371603
0.037602
0.0378745
0.0383241
0.038602
0.0390596
0.0393431
0.0398515
0.040144
0.0405719
0.0409588
0.0413492
0.0417433
0.042141
0.0425424
0.0429476
0.0433565
0.043815
0.0441857
0.0446973
0.0450304
0.0456365
0.0458416
0.0465074
0.0467174
0.0473517
0.0476096
0.0482095
0.048465
0.049129
0.0493901
0.050017
0.0502756
0.0509705
0.0512926
0.0519418
0.0522706
0.0529313
0.053267
0.0539394
0.0542821
0.0549663
0.0552548
0.0560125
0.0563074
0.057132
0.0573797
0.0581641
0.0584058
0.0592702
0.0595177
0.0603971
0.0606506
0.0615451
0.0618047
0.0627147
0.063051
0.0639062
0.0642499
0.0650584
0.0654714
0.0663568
0.0667867
0.0676167
0.0680556
0.0688358
0.0693482
0.0700745
0.070805
0.0714047
0.0721487
0.07276
0.0735176
0.0741406
0.0749121
0.0756192
0.0762604
0.0770532
0.0777068
0.0785141
0.0791026
0.0800743
0.0806026
0.0815915
0.0821308
0.0831371
0.0836876
0.0847116
0.0852735
0.0863882
0.0868892
0.0878727
0.0885351
0.0895362
0.0902975
0.0911482
0.0920067
0.0927858
0.0936598
0.0944495
0.0955216
0.0962371
0.0973284
0.0980581
0.0991688
0.099913
0.101044
0.101802
0.102953
0.103624
0.104803
0.105474
0.106879
0.107468
0.108897
0.109498
0.111048
0.111449
0.113143
0.113553
0.115276
0.115697
0.11735
0.117753
0.119561
0.119975
0.121595
0.122237
0.123885
0.124403
0.126218
0.126748
0.128709
0.129278
0.13113
0.131711
0.13335
0.134188
0.136103
0.136711
0.138658
0.139565
0.141259
0.142042
0.143649
0.144706
0.146202
0.147266
0.14894
0.149865
0.151578
0.152671
0.153922
0.155692
0.156801
0.158601
0.15955
0.161215
0.162339
0.164402
0.165168
0.167641
0.168247
0.170583
0.171167
0.173568
0.174129
0.176793
0.177132
0.180073
0.18042
0.183409
0.183001
0.186803
0.186916
0.190255
0.190373
0.193766
0.194148
0.197543
0.197462
0.201176
0.201096
0.204869
0.204791
0.208407
0.208547
0.212441
0.212364
0.21632
0.216244
0.220035
0.220186
0.223798
0.224192
0.227861
0.227637
0.231733
0.231761
0.235652
0.236276
0.239619
0.239861
0.24393
0.244174
0.248306
0.24819
0.252748
0.252251
0.256626
0.256749
0.261832
0.261314
0.266154
0.265537
0.270176
0.270641
0.275288
0.274553
0.280467
0.279368
0.284282
0.28425
0.288845
0.289197
0.29345
0.293739
0.298524
0.298319
0.303229
0.303447
0.307973
0.308639
0.313229
0.313368
0.318067
0.319215
0.323932
0.324598
0.329862
0.330042
0.334887
0.335548
0.340956
0.341114
0.345565
0.347306
0.350146
0.351834
0.356434
0.357566
0.362222
0.363353
0.368066
0.369196
0.373369
0.37572
0.378692
0.381677
0.384031
0.387685
0.390053
0.394385
0.395443
0.400499
0.400842
0.405994
0.40698
0.412185
0.412414
0.418418
0.418622
0.423978
0.424082
0.430276
0.430351
0.438762
0.437462
0.44445
0.443807
0.450868
0.449346
0.457314
0.455733
0.463023
0.460368
0.467901
0.466773
0.472677
0.472253
0.479148
0.480572
0.484728
0.487969
0.489315
0.495384
0.495781
0.501895
0.502254
0.505492
0.507709
0.510941
0.514172
0.518445
0.516229
0.522784
0.522624
0.526974
0.527828
0.532202
0.532968
0.538573
0.541753
0.541193
0.548102
0.547484
0.551915
0.553756
0.558192
0.560006
0.564447
0.563496
0.570676
0.566802
0.575518
0.572901
0.581672
0.575948
0.583476
0.575557
0.58951
0.579769
0.595507
0.585598
0.599926
0.58611
0.605824
0.588123
0.611679
0.591834
0.617488
0.595434
0.618276
0.600902
0.622208
0.606321
0.622418
0.609667
0.627898
0.614961
0.633323
0.618113
0.628946
0.618987
0.627955
0.619621
0.630913
0.622311
0.635929
0.624875
0.63645
0.627309
0.636726
0.627178
0.643792
0.626798
0.631575
0.626168
0.633525
0.619913
0.637927
0.615841
0.631683
0.611347
0.630381
0.609417
0.625973
0.607231
0.618169
0.607893
0.615884
0.614645
0.603857
0.611975
0.597565
0.612268
0.587457
0.60255
0.587193
0.592201
0.565368
0.5918
0.564552
0.565945
0.55986
0.545964
0.55109
0.524858
0.534016
0.506795
0.520207
0.475093
0.488923
0.459512
0.477917
0.447885
0.466544
0.431334
0.454811
0.423574
0.428911
0.410906
0.416258
0.388315
0.388875
0.379727
0.375362
0.341189
0.361541
0.326867
0.352437
0.286492
0.327925
0.25557
0.308017
0.250627
0.287719
0.218832
0.272345
0.213599
0.256732
0.153557
0.235491
0.142395
0.208466
0.119975
0.169966
0.0917044
0.136462
0.0518417

0.00487971
0.00490483
0.0050317
0.00507447
0.00518843
0.00521325
0.00535008
0.00537476
0.00553622
0.00554137
0.00570923
0.00573477
0.0058878
0.00591321
0.00604985
0.0060739
0.00623913
0.00628762
0.00643459
0.0065095
0.00663648
0.00668691
0.00681808
0.00686839
0.00703235
0.0070837
0.00725377
0.00733687
0.00751339
0.00756821
0.00775134
0.00777393
0.0080306
0.00801976
0.00821679
0.00823722
0.00847841
0.00849856
0.00874904
0.0087689
0.00902902
0.00900652
0.00931874
0.00929413
0.00961857
0.0096375
0.00997403
0.00999478
0.0103439
0.0103666
0.0107287
0.010703
0.011029
0.0109982
0.0112838
0.0114121
0.0116533
0.0117281
0.0119187
0.0121128
0.0123103
0.0125113
0.0127798
0.0129242
0.0132028
0.0133521
0.013778
0.0137956
0.014238
0.0142552
0.0146409
0.0147316
0.0151322
0.0152255
0.0157218
0.0156539
0.0162532
0.0161814
0.0167173
0.0167284
0.0172852
0.0172957
0.0179686
0.017884
0.0185834
0.0184942
0.0192212
0.0191272
0.0198828
0.0198948
0.0205693
0.0205806
0.0212815
0.0214115
0.0220205
0.0221546
0.0226625
0.0229258
0.0233222
0.0237261
0.0241375
0.0245566
0.0248408
0.0254187
0.0257132
0.0261617
0.0266187
0.0270842
0.0275586
0.0278764
0.0285342
0.0286904
0.0293714
0.0295268
0.0302318
0.0303861
0.0313084
0.0314677
0.0322257
0.0321752
0.033378
0.033106
0.0345744
0.0340618
0.0355892
0.0350429
0.0368697
0.0362998
0.0381992
0.0376048
0.0395795
0.0389597
0.0407447
0.0400849
0.0416592
0.0412394
0.0431703
0.042732
0.0447393
0.0442817
0.0463683
0.0455571
0.0470561
0.0468652
0.0484197
0.0482065
0.0501866
0.0495815
0.0516379
0.0513895
0.0535267
0.0532662
0.0554874
0.0552143
0.0562159
0.0572364
0.0573583
0.0593352
0.0589787
0.0600494
0.0606376
0.0607064
0.0623353
0.0629294
0.0646208
0.0652359
0.065848
0.0670441
0.0682624
0.0695032
0.0707669
0.0707807
0.0727168
0.0727091
0.0747086
0.0753733
0.076742
0.075956
0.0780761
0.0772069
0.0801597
0.080025
0.0822828
0.0829454
0.0835989
0.0842428
0.0848763
0.087309
0.0842437
0.0876573
0.08534
0.0898477
0.0884201
0.0910363
0.0894846
0.0921623
0.0915914
0.0920855
0.0902316
0.095379
0.0922309
0.0950927
0.0904228
0.0971833
0.0882743
0.0992824
0.0871694
0.0957732
0.0813983
0.0961803
0.0780348
0.0964549
0.0758579
0.0901538
0.0716903
0.0831033
0.070563
0.0752724
0.0655844
0.0629048
0.0600945
0.0610327
0.0540711
0.0528733
0.0433646
0.0502849
0.036048
0.0408973
0.0325812
0.0330004
0.0288181
0.0150881
0.0175865
0.00315591
0.0129468
0.00296225
0.00480504
0.00763306
0.0184674
0.0269614
0.0275521
0.039203
0.0399847
0.0606724
0.061784
0.0804043
0.0788534
0.098167
0.114893
0.119832
0.137167
0.136245
0.16038
0.16918
0.193961
0.200058
0.219049
0.222247
0.241695
0.254886
0.271493
0.271946
0.292179
0.296088
0.313343
0.32409
0.3482
0.362484
0.376855
0.391302
0.409062
0.43322
0.450897
0.46228
0.489129
0.488227
0.511895
0.523267
0.543518
0.551869
0.571792
0.577229
0.596834
0.605057
0.616004
0.637612
0.643002
0.658812
0.676748
0.684517
0.699402
0.709299
0.723548
0.735221
0.742408
0.753661
0.768512
0.773349
0.785589
0.792064
0.805251
0.808084
0.815792
0.824849
0.827496
0.833159
0.837155
0.844107
0.846385
0.855973
0.858152
0.864488
0.871905
0.87523
0.88097
0.885315
0.891782
0.893636
0.901698
0.902512
0.908122
0.911639
0.914171
0.917487
0.920689
0.923778
0.925196
0.928897
0.930966
0.932964
0.93562
0.938827
0.939285
0.94356
0.945239
0.94686
0.949935
0.950478
0.952906
0.954744
0.955681
0.957425
0.9587
0.959934
0.961128
0.962284
0.963789
0.964874
0.966271
0.967291
0.968585
0.969544
0.970475
0.97138
0.972258
0.973112
0.974202
0.974749
0.97579
0.976551
0.977291
0.97801
0.978709
0.979388
0.980048
0.980689
0.981312
0.982125
0.982504
0.98328
0.983998
0.984532
0.985175
0.985553
0.986162
0.986716
0.98709
0.987612
0.988039
0.988453
0.988854
0.989241
0.989617
0.98998
0.990332
0.990672
0.991001
0.991319
0.991627
0.991925
0.992213
0.992492
0.992761
0.993021
0.993272
0.993514
0.993748
0.993974
0.994191
0.994401
0.994603
0.994797
0.994984
0.995163
0.995336
0.995501
0.99566
0.995812
0.995957
0.996096
0.996229
0.996379
0.996477
0.996614
0.996723
0.996827
0.996925
0.997018
0.997107
0.99719
0.997269
0.997344
0.997414
0.99748
0.997542
0.9976
0.997655
0.997706
0.997754
0.997799
0.997842
0.997881
0.997918
0.997952
0.997984
0.998013
0.998041
0.998067
0.998091
0.998113
0.998134
0.998153
0.998171
0.998187
0.998202
0.998217
0.99823
0.998242
0.998253
0.998264
0.998273
0.998282
0.99829
0.998298
0.998305
0.998312
0.998318
0.998323
0.998329
0.998333
0.998338
0.998342
0.998346
0.998349
0.998352
0.998355
0.998358
0.99836
0.998363
0.998365
0.998367
0.998369
0.998371
0.998372
0.998374
0.998375
0.998376
0.998377
0.998378
0.998379
0.99838
0.998381
0.998382
0.998383
0.998383
0.998384
0.998384
0.998385
0.998385
0.998386
0.998386
0.998387
0.998387
0.998387
0.998388
0.998388
0.998388
0.998388
0.998389
0.998389

0.0133813
0.0137242
0.0140769
0.0144396
0.0148125
0.0153241
0.0155902
0.0162687
0.0164124
0.0172774
0.0174328
0.0182006
0.0183621
0.0191769
0.0193446
0.0202091
0.0203834
0.0213006
0.0214817
0.0224546
0.0228499
0.0236747
0.0243107
0.0249646
0.0256369
0.0268083
0.0272872
0.028281
0.0287853
0.0298378
0.0303689
0.0314834
0.032341
0.0332226
0.0344452
0.035387
0.036355
0.0376958
0.0383731
0.0397924
0.0405054
0.0423969
0.0435631
0.0447616
0.0464188
0.0472591
0.049463
0.0508278
0.0522303
0.054653
0.056164
0.0592649
0.0598459
0.0631396
0.0637666
0.0678369
0.0691291
0.0734622
0.073639
0.0776005
0.0797534
0.0826383
0.0842329
0.0879917
0.090426
0.0936779
0.0970373
0.101296
0.10246
0.108618
0.109895
0.11642
0.116909
0.12744
0.128137
0.139209
0.138181
0.147898
0.146821
0.162143
0.16551
0.172097
0.181008
0.183689
0.195263
0.199355
0.211469
0.21006
0.226297
0.231053
0.241923
0.250642
0.255876
0.269971
0.279365
0.286456
0.300062
0.307574
0.319111
0.32828
0.344099
0.349813
0.362203
0.376086
0.384915
0.397866
0.405625
0.421617
0.428287
0.44596
0.451495
0.469481
0.479364
0.490675
0.504813
0.513493
0.533155
0.537922
0.553657
0.567941
0.57819
0.591107
0.605286
0.619336
0.632015
0.64695
0.659353
0.671616
0.684775
0.695659
0.707406
0.71895
0.729342
0.743069
0.753829
0.76358
0.772359
0.781693
0.790799
0.800376
0.807585
0.81735
0.824819
0.833901
0.839687
0.848242
0.855822
0.862117
0.868169
0.874478
0.880527
0.885883
0.891012
0.89592
0.900613
0.905555
0.909843
0.913938
0.917846
0.922011
0.925976
0.929746
0.933328
0.93673
0.939693
0.943017
0.945721
0.948303
0.950769
0.953322
0.955574
0.957727
0.959784
0.961752
0.963633
0.965597
0.967318
0.968965
0.970539
0.972045
0.973484
0.974859
0.976174
0.977429
0.97876
0.979904
0.980993
0.982031
0.983019
0.983959
0.984851
0.985802
0.986673
0.987372
0.988165
0.988853
0.989504
0.990121
0.990741
0.991295
0.991819
0.992314
0.992783
0.993226
0.993644
0.994039
0.994412
0.994763
0.995094
0.995416
0.995711
0.995988
0.996248
0.996493
0.996722
0.996936
0.997136
0.997323
0.997497
0.997659
0.997808
0.997947
0.998075
0.998192
0.9983
0.998399
0.998489
0.998571
0.998646
0.998713
0.998775
0.99883
0.998879
0.998924
0.998964
0.999
0.999032
0.999061
0.999087
0.999109
0.99913
0.999148
0.999164
0.999178
0.999191
0.999202
0.999212
0.999221
0.999229
0.999236
0.999242
0.999247
0.999252
0.999256
0.99926
0.999263
0.999266
0.999269
0.999271
0.999273
0.999275
0.999276
0.999278
0.999279
0.99928
0.999281
0.999282
0.999282
0.999283
0.999284
0.999284
0.999285
0.999285
0.999285
0.999286
0.999286
0.999286
0.999286
0.999286
0.999287
0.999287
0.999287
0.999287
0.999287
0.999287
0.999287
0.999287
0.999287
0.999287
0.999287
0.999287
0.999287
0.999287
0.999288
0.999288
0.999288
0.999288
0.999288
0.999288
0.999288
0.999288
0.999288
0.999288
0.999288
0.999288
0.999288
0.999288
0.999288
0.999288
0.999288
0.999288
0.999288
0.999288
0.999288
0.999288
0.999288
0.999288
0.999288
0.999288
0.999288
0.999288
0.999288
0.999288
0.999288
0.999288
0.999288
0.999288
0.999288
0.999288
0.999288
0.999288
0.999288
0.999288
0.999288
0.999288
0.999288
0.999288
0.999288
0.999288
0.999288
0.999288
0.999288
0.999288
0.999288
0.999288
0.999288
0.999288
0.999288
0.999288
0.999288
0.999288
0.999288
0.999288
0.999288
0.999288
0.999288
0.999288
0.999288
0.999288
0.999288
0.999288
0.999288
0.999288
0.999288
0.999288
0.999288
0.999288
0.999288
0.999288
0.999288
0.999288
0.999288
0.999288
0.999288
0.999288
0.999288
0.999288
0.999288
0.999288
0.999288
0.999288
0.999288
0.999288
0.999288
0.999288
0.999288
0.999288
0.999288
0.999288
0.999288
0.999288
0.999288
0.999288
0.999288
0.999288
0.999288
0.999288
0.999288
0.999288
0.999288
0.999288
0.999288
0.999288
0.999288
0.999288
0.999288
0.999288
0.999288
0.999288
0.999288
0.999288
0.999288
0.999288
0.999288
0.999288
0.999288
0.999288
0.999288
0.999288
0.999288
0.999288
0.999288
0.999288
0.999288
0.999288
0.999288
0.999288
0.999288
0.999288
0.999288
0.999288
0.999288
0.999288
0.999288
0.999288
0.999288
0.999288
0.999288
0.999288
0.999288
0.999288
0.999288
0.999288
0.999288
0.999288
0.999288
0.999288
0.999288
0.999288
0.999288
0.999288
0.999288
0.999288
0.999288
0.999288
0.999288
0.999288
0.999288
0.999288
0.999288
0.999288
0.999288
0.999288
0.999288
0.999288
0.999288
0.999288
0.999288
0.999288
0.999288
0.999288
0.999288
0.999288
0.999288
0.999288
0.999288
0.999288
0.999288
0.999288
0.999288
0.999288
0.999288
0.999288
0.999288
0.999288
0.999288
0.999288
0.999288
0.999288
0.999288
0.999288
0.999288
0.999288
0.999288
0.999288
0.999288
0.999288
0.999288
0.999288
0.999288

0.000326896
0.000265434
0.000404422
0.000374052
0.000489987
0.000457474
0.000584311
0.000549513
0.000732728
0.000697464
0.000802445
0.000813203
0.000980716
0.000940425
0.00112321
0.00108015
0.00134164
0.0012335
0.00151828
0.00126062
0.00171169
0.00143284
0.00184383
0.00162162
0.00206855
0.00191861
0.00231428
0.00215267
0.00258286
0.00240867
0.00287625
0.00280345
0.00319662
0.00311892
0.0034169
0.00346336
0.0039278
0.00383928
0.00434386
0.00424938
0.00479746
0.00486806
0.00546979
0.00555528
0.00621558
0.00611728
0.00683391
0.00672922
0.00773218
0.00763037
0.0084828
0.0091358
0.00956266
0.0100077
0.0107565
0.0112515
0.0117674
0.0123051
0.0128654
0.0137955
0.0140575
0.0154397
0.0153514
0.0180577
0.0171765
0.0201183
0.0200952
0.0228528
0.0228707
0.0248764
0.0254245
0.0281575
0.0299278
0.0317898
0.0343542
0.0364349
0.0386211
0.0402413
0.0447255
0.0480288
0.0522527
0.0559426
0.0614049
0.0622688
0.067357
0.0718404
0.0774493
0.0833454
0.0866768
0.0911231
0.0967899
0.0995476
0.105666
0.115439
0.124522
0.131687
0.140366
0.145724
0.166274
0.171267
0.187922
0.197465
0.204724
0.220289
0.225487
0.239234
0.252011
0.25789
0.275867
0.285313
0.298083
0.312771
0.323052
0.341668
0.35255
0.370263
0.389899
0.401654
0.421854
0.437361
0.45631
0.467249
0.491375
0.510594
0.525204
0.542935
0.556028
0.575256
0.595708
0.611622
0.625994
0.641612
0.654255
0.674818
0.688415
0.703014
0.716085
0.72887
0.741356
0.753531
0.767685
0.780267
0.790336
0.801153
0.813657
0.824688
0.835292
0.844631
0.857309
0.866989
0.875578
0.88371
0.891004
0.897934
0.904158
0.910396
0.915967
0.921218
0.926155
0.930787
0.935124
0.939178
0.942961
0.946489
0.950074
0.953392
0.956457
0.959285
0.961753
0.964056
0.966208
0.968222
0.970111
0.971885
0.973557
0.975134
0.976626
0.978147
0.979487
0.980762
0.981978
0.983139
0.984248
0.985309
0.986324
0.987294
0.988221
0.989106
0.989949
0.99075
0.99151
0.992228
0.992905
0.993541
0.99416
0.994713
0.995227
0.9957
0.996135
0.996533
0.996894
0.997221
0.997515
0.997778
0.998012
0.998219
0.998402
0.998563
0.998703
0.998826
0.998933
0.999025
0.999105
0.999175
0.999234
0.999285
0.99933
0.999367
0.9994
0.999428
0.999452
0.999472
0.99949
0.999505
0.999518
0.999529
0.999539
0.999547
0.999554
0.99956
0.999565
0.999569
0.999573
0.999577
0.99958
0.999582
0.999584
0.999586
0.999588
0.999589
0.99959
0.999591
0.999592
0.999593
0.999594
0.999595
0.999595
0.999596
0.999596
0.999596
0.999597
0.999597
0.999597
0.999598
0.999598
0.999598
0.999598
0.999598
0.999598
0.999599
0.999599
0.999599
0.999599
0.999599
0.999599
0.999599
0.999599
0.999599
0.999599
0.999599
0.999599
0.999599
0.999599
0.999599
0.999599
0.999599
0.999599
0.999599
0.9996
0.9996
0.9996
0.9996
0.9996
0.9996
0.9996
0.9996
0.9996
0.9996
0.9996
0.9996
0.9996
0.9996
0.9996
0.9996
0.9996
0.9996
0.9996
0.9996
0.9996
0.9996
0.9996
0.9996
0.9996
0.9996
0.9996
0.9996
0.9996
0.9996
0.9996
0.9996
0.9996
0.9996
0.9996
0.9996
0.9996
0.9996
0.9996
0.9996
0.9996
0.9996
0.9996
0.9996
0.9996
0.9996
0.9996
0.9996
0.9996
0.9996
0.9996
0.9996
0.9996
0.9996
0.9996
0.9996
0.9996
0.9996
0.9996
0.9996
0.9996
0.9996
0.9996
0.9996
0.9996
0.9996
0.9996
0.9996
0.9996
0.9996
0.9996
0.9996
0.9996
0.9996
0.9996
0.9996
0.9996
0.9996
0.9996
0.9996
0.9996
0.9996
0.9996
0.9996
0.9996
0.9996
0.9996
0.9996
0.9996
0.9996
0.9996
0.9996
0.9996
0.9996
0.9996
0.9996
0.9996
0.9996
0.9996
0.9996
0.9996
0.9996
0.9996
0.9996
0.9996
0.9996
0.9996
0.9996
0.9996
0.9996
0.9996
0.9996
0.9996
0.9996
0.9996
0.9996
0.9996
0.9996
0.9996
0.9996
0.9996
0.9996
0.9996
0.9996
0.9996
0.9996
0.9996
0.9996
0.9996
0.9996
0.9996
0.9996
0.9996
0.9996
0.9996
0.9996
0.9996
0.9996
0.9996
0.9996
0.9996
0.9996
0.9996
0.9996
0.9996
0.9996
0.9996
0.9996
0.9996
0.9996
0.9996
0.9996
0.9996
0.9996
0.9996
0.9996
0.9996
0.9996
0.9996
0.9996
0.9996
0.9996
0.9996
0.9996
0.9996
0.9996
0.9996
0.9996
0.9996
0.9996
0.9996
0.9996
0.9996
0.9996
0.9996
0.9996
0.9996
0.9996
0.9996
0.9996
0.9996
0.9996
0.9996
0.9996
0.9996
0.9996
0.9996
0.9996
0.9996
0.9996
0.9996
0.9996
0.9996
0.9996
0.9996
0.9996
0.9996
0.9996
0.9996
0.9996
0.9996
0.9996
0.9996
0.9996
0.9996
0.9996
0.9996
0.9996
0.9996
0.9996
0.9996
0.9996
0.9996
0.9996
0.9996
0.9996
0.9996
0.9996
0.9996
0.9996
0.9996
0.9996

0.024156
0.0260706
0.0266315
0.0287421
0.0293672
0.0318603
0.0325713
0.0353184
0.036126
0.0391522
0.0398537
0.0434013
0.04444
0.0478754
0.049285
0.0533233
0.0552
0.0588198
0.0614855
0.0648816
0.0687712
0.0718948
0.0768567
0.0803559
0.0851054
0.0889798
0.093819
0.0980828
0.103829
0.109871
0.114858
0.121496
0.127491
0.134278
0.140867
0.148857
0.15496
0.163685
0.170974
0.181129
0.191094
0.200846
0.210335
0.220923
0.232674
0.245629
0.256867
0.27005
0.281368
0.297083
0.308442
0.325164
0.339862
0.354984
0.369639
0.389013
0.404481
0.422002
0.441511
0.459603
0.477923
0.497951
0.515819
0.535233
0.554605
0.571957
0.59058
0.609666
0.626165
0.644294
0.662135
0.678568
0.69578
0.711021
0.728001
0.742505
0.758545
0.772207
0.787191
0.800739
0.813371
0.825453
0.837351
0.848293
0.859005
0.868768
0.87794
0.886529
0.895203
0.902683
0.910166
0.917022
0.923035
0.928762
0.933952
0.93878
0.943461
0.947658
0.951581
0.955297
0.958746
0.961987
0.965037
0.967909
0.970613
0.973156
0.975545
0.977783
0.979875
0.981824
0.983631
0.985301
0.986837
0.988241
0.98952
0.990677
0.991719
0.992651
0.993482
0.994219
0.99487
0.995444
0.995949
0.996395
0.99679
0.997139
0.997451
0.99773
0.99798
0.998206
0.998409
0.998591
0.998754
0.998899
0.999027
0.999139
0.999236
0.99932
0.999391
0.999452
0.999503
0.999545
0.999581
0.99961
0.999634
0.999654
0.999671
0.999684
0.999695
0.999704
0.999712
0.999718
0.999722
0.999726
0.99973
0.999732
0.999734
0.999736
0.999738
0.999739
0.99974
0.99974
0.999741
0.999742
0.999742
0.999742
0.999743
0.999743
0.999743
0.999743
0.999743
0.999743
0.999744
0.999744
0.999744
0.999744
0.999744
0.999744
0.999744
0.999744
0.999744
0.999744
0.999744
0.999744
0.999744
0.999744
0.999744
0.999744
0.999744
0.999744
0.999744
0.999744
0.999744
0.999744
0.999744
0.999744
0.999744
0.999744
0.999744
0.999744
0.999744
0.999744
0.999744
0.999744
0.999744
0.999744
0.999744
0.999744
0.999744
0.999744
0.999744
0.999744
0.999744
0.999744
0.999744
0.999744
0.999744
0.999744
0.999744
0.999744
0.999744
0.999744
0.999744
0.999744
0.999744
0.999744
0.999744
0.999744
0.999744
0.999744
0.999744
0.999744
0.999744
0.999744
0.999744
0.999744
0.999744
0.999744
0.999744
0.999744
0.999744
0.999744
0.999744
0.999744
0.999744
0.999744
0.999744
0.999744
0.999744
0.999744
0.999744
0.999744
0.999744
0.999744
0.999744
0.999744
0.999744
0.999744
0.999744
0.999744
0.999744
0.999744
0.999744
0.999744
0.999744
0.999744
0.999744
0.999744
0.999744
0.999744
0.999744
0.999744
0.999744
0.999744
0.999744
0.999744
0.999744
0.999744
0.999744
0.999744
0.999744
0.999744
0.999744
0.999744
0.999744
0.999744
0.999744
0.999744
0.999744
0.999744
0.999744
0.999744
0.999744
0.999744
0.999744
0.999744
0.999744
0.999744
0.999744
0.999744
0.999744
0.999744
0.999744
0.999744
0.999744
0.999744
0.999744
0.999744
0.999744
0.999744
0.999744
0.999744
0.999744
0.999744
0.999744
0.999744
0.999744
0.999744
0.999744
0.999744
0.999744
0.999744
0.999744
0.999744
0.999744
0.999744
0.999744
0.999744
0.999744
0.999744
0.999744
0.999744
0.999744
0.999744
0.999744
0.999744
0.999744
0.999744
0.999744
0.999744
0.999744
0.999744
0.999744
0.999744
0.999744
0.999744
0.999744
0.999744
0.999744
0.999744
0.999744
0.999744
0.999744
0.999744
0.999744
0.999744
0.999744
0.999744
0.999744
0.999744
0.999744
0.999744
0.999744
0.999744
0.999744
0.999744
0.999744
0.999744
0.999744
0.999744
0.999744
0.999744
0.999744
0.999744
0.999744
0.999744
0.999744
0.999744
0.999744
0.999744
0.999744
0.999744
0.999744
0.999744
0.999744
0.999744
0.999744
0.999744
0.999744
0.999744
0.999744
0.999744
0.999744
0.999744
0.999744
0.999744
0.999744
0.999744
0.999744
0.999744
0.999744
0.999744
0.999744
0.999744
0.999744
0.999744
0.999744
0.999744
0.999744
0.999744
0.999744
0.999744
0.999744
0.999744
0.999744
0.999744
0.999744
0.999744
0.999744
0.999744
0.999744
0.999744
0.999744
0.999744
0.999744
0.999744
0.999744
0.999744
0.999744
0.999744
0.999744
0.999744
0.999744
0.999744
0.999744
0.999744
0.999744
0.999744
0.999744
0.999744
0.999744
0.999744
0.999744
0.999744
0.999744
0.999744
0.999744
0.999744
0.999744
0.999744
0.999744
0.999744
0.999744
0.999744
0.999744
0.999744
0.999744
0.999744
0.999744
0.999744
0.999744
0.999744
0.999744
0.999744
0.999744
0.999744
0.999744
0.999744
0.999744
0.999744
0.999744
0.999744
0.999744
0.999744
0.999744
0.999744
0.999744
0.999744
0.999744
0.999744
0.999744
0.999744
0.999744
0.999744
0.999744
0.999744
0.999744
0.999744
0.999744
0.999744
0.999744
0.999744
0.999744
0.999744
0.999744
0.999744
0.999744
0.999744
0.999744
0.999744

