0.127038
0.0796382
0.0843835
0.0856535
0.133316
0.130963
0.123654
0.15421
0.15976
0.147991
0.140226
0.0702637
0.0486098
0.0674449
0.0540443
0.0629471
0.0752936
0.0559828
0.0986497
0.0964552
0.0988445
0.112217
0.0718223
0.0447382
0.0294428
0.00634264
0.0270252
0.039858
0.0239755
0.034692
0.0389722
0.0390586
0.0572741
0.0564742
0.0456571
0.0614983
0.0539627
0.0761722
0.0994923
0.0853115
0.0885696
0.0819026
0.0825834
0.111967
0.109261
0.0691507
0.057591
0.0244477
0.0106141
0.0170572
0.0622659
0.0938578
0.107692
0.134042
0.108014
0.0881504
0.0869392
0.0684299
0.0644272
0.0604095
0.0176034
0.0030799
0.00528327
0.0350077
0.0368304
0.0580846
0.083373
0.0387663
0.0252359
0.00639121
0.0331736
0.0224653
0.0206621
0.0521396
0.0512693
0.0613101
0.0732649
0.0580897
0.0851572
0.106565
0.131974
0.165509
0.163243
0.171497
0.169614
0.137502
0.153026
0.147805
0.125163
0.159379
0.152552
0.13143
0.159266
0.116456
0.0938104
0.104188
0.0923315
0.135615
0.160587
0.146663
0.160702

0.151129
0.179016
0.202786
0.247332
0.279499
0.374842
0.461664
0.511838
0.537431
0.568562
0.611729
0.658104
0.720924
0.767242
0.823917
0.815888
0.837618
0.836782
0.85772
0.819732
0.845753
0.825752
0.836016
0.830221
0.8754
0.863959
0.843916
0.81026
0.815798
0.803825
0.796253
0.83074
0.860744
0.861967
0.822685
0.831512
0.819711
0.837312
0.833002
0.887566
0.867629
0.86475
0.840258
0.875493
0.834959
0.828272
0.820347
0.841262
0.822284
0.83345
0.848621
0.852463
0.838311
0.82066
0.848652
0.860015
0.875798
0.853685
0.877966
0.84828
0.842448
0.818528
0.855731
0.819397
0.818068
0.808063
0.841651
0.826542
0.843397
0.856241
0.85558
0.825574
0.811277
0.849203
0.877138
0.89033
0.867553
0.870666
0.820464
0.803398
0.796077
0.836042
0.818111
0.836756
0.820697
0.825836
0.80697
0.855891
0.870377
0.864963
0.813613
0.821603
0.844364
0.865803
0.870399
0.859166
0.850256
0.80088
0.774975
0.775131
0.832945

0.0187521
0.0337618
0.100971
0.0619713
0.153783
0.254425
0.517108
0.715654
0.736611
0.840522
0.895034
0.869483
0.826996
0.796498
0.850848
0.91445
0.921575
0.875363
0.849974
0.860371
0.824718
0.872238
0.887863
0.865822
0.884054
0.829719
0.851554
0.89587
0.864887
0.9031
0.86962
0.853706
0.881454
0.856539
0.834291
0.836644
0.900999
0.904333
0.868126
0.870101
0.849691
0.889504
0.871133
0.83968
0.875786
0.851133
0.878563
0.880213
0.859164
0.907713
0.843627
0.872377
0.902501
0.856358
0.883909
0.859632
0.820413
0.886275
0.898415
0.899982
0.865586
0.850728
0.873429
0.90123
0.873229
0.83694
0.870964
0.84401
0.883381
0.916312
0.875888
0.90069
0.854708
0.816881
0.8768
0.888785
0.897752
0.872051
0.82305
0.891516
0.85965
0.887948
0.902832
0.872373
0.897259
0.878015
0.827177
0.825421
0.879251
0.911547
0.899631
0.891724
0.857098
0.858964
0.876228
0.85571
0.904795
0.886855
0.834393
0.857659
0.861379

0.0189204
0.0458403
0.406735
0.708016
0.877797
0.935626
0.942997
0.953944
0.965346
0.96058
0.954827
0.950508
0.946092
0.966424
0.963458
0.95707
0.953076
0.948121
0.952737
0.966363
0.961225
0.955289
0.951006
0.946143
0.965442
0.96394
0.957431
0.953454
0.948613
0.950322
0.966742
0.961638
0.955635
0.951431
0.946354
0.963865
0.964417
0.957788
0.953819
0.949098
0.948472
0.96702
0.96206
0.95598
0.951844
0.94669
0.961687
0.9649
0.95815
0.954179
0.949575
0.947214
0.967141
0.962493
0.956325
0.952245
0.947104
0.959008
0.965382
0.958518
0.954533
0.95004
0.946476
0.967024
0.962937
0.956671
0.952636
0.947562
0.95607
0.965852
0.960757
0.954883
0.950493
0.94615
0.966567
0.963393
0.95702
0.953018
0.948043
0.953198
0.966294
0.961158
0.955231
0.950933
0.946125
0.965652
0.96386
0.957371
0.953391
0.948531
0.950695
0.966684
0.961568
0.955577
0.95136
0.946308
0.964176
0.964336
0.957727
0.953758
0.949016

0.0105497
0.00677886
0.0317914
0.138912
0.635669
0.860754
0.927025
0.959704
0.954834
0.958764
0.943525
0.971447
0.935159
0.93492
0.932189
0.950616
0.944416
0.94311
0.976716
0.948175
0.949345
0.930418
0.955745
0.926248
0.935823
0.958384
0.952776
0.953237
0.93285
0.9636
0.917817
0.930852
0.92298
0.950739
0.938924
0.942418
0.972636
0.93273
0.938545
0.917734
0.953686
0.916402
0.936347
0.962116
0.950751
0.939871
0.927418
0.957619
0.911096
0.935657
0.927284
0.94491
0.928383
0.934651
0.950287
0.912447
0.924589
0.904229
0.94715
0.904622
0.931428
0.940655
0.926368
0.903138
0.895593
0.900532
0.840374
0.871245
0.846969
0.913961
0.869817
0.880238
0.888336
0.853528
0.843573
0.814357
0.815267
0.627782
0.662848
0.571698
0.371847
0.122471
0.4966
0.68863
0.901301
0.964762
0.900422
0.554266
0.0180615
0.135776
0.42606
0.650091
0.760161
0.787556
0.849555
0.867221
0.845944
0.839113
0.809308
0.881846
0.876551

0.00905685
0.0734412
0.204944
0.529437
0.893935
0.952341
0.967728
0.956334
0.972414
0.97039
0.967987
0.981154
0.965328
0.97132
0.95004
0.967746
0.959448
0.977959
0.972278
0.976366
0.979469
0.959102
0.964541
0.94812
0.970009
0.961223
0.981681
0.973784
0.982438
0.974381
0.95498
0.961285
0.95067
0.971674
0.962904
0.984104
0.974438
0.98452
0.966645
0.954655
0.961418
0.952686
0.973399
0.964481
0.985584
0.973391
0.981211
0.959348
0.958782
0.962548
0.956135
0.975192
0.965981
0.985864
0.969273
0.974462
0.954961
0.965459
0.964283
0.961968
0.977002
0.967193
0.983775
0.961565
0.968641
0.954672
0.971205
0.966272
0.969634
0.978549
0.968028
0.97793
0.953505
0.966196
0.955594
0.975364
0.968268
0.977834
0.97915
0.967144
0.96962
0.946712
0.966455
0.957114
0.978268
0.970068
0.984399
0.977666
0.964644
0.96238
0.94693
0.967689
0.957635
0.980408
0.97036
0.987729
0.972957
0.961428
0.959598
0.949684
0.969294

0.100768
0.0230895
0.671444
0.860855
0.919714
0.90327
0.916766
0.900501
0.925038
0.903634
0.944745
0.926799
0.939858
0.931899
0.942434
0.930366
0.954215
0.946787
0.920646
0.927266
0.932174
0.963182
0.920592
0.939638
0.915626
0.925951
0.944837
0.934059
0.895672
0.928793
0.935731
0.93092
0.930661
0.898325
0.918122
0.926231
0.947649
0.916776
0.905061
0.936208
0.947705
0.929361
0.9508
0.925543
0.941039
0.952916
0.950078
0.929813
0.946393
0.944676
0.927539
0.947408
0.933102
0.927976
0.90608
0.937054
0.915266
0.933259
0.917616
0.925045
0.90981
0.949827
0.938604
0.905707
0.933036
0.913353
0.948558
0.939018
0.934059
0.914671
0.950037
0.953491
0.955401
0.915867
0.939071
0.950513
0.938773
0.955744
0.906677
0.930959
0.935057
0.942626
0.903771
0.916113
0.917629
0.928081
0.911155
0.935678
0.904726
0.913317
0.921963
0.909805
0.895907
0.912193
0.887376
0.884413
0.938678
0.926247
0.91575
0.919668
0.934206

0.0207601
0.110174
0.819797
0.929737
0.955107
0.963997
0.97619
0.98413
0.986922
0.986341
0.984163
0.981232
0.977897
0.974327
0.970685
0.967314
0.965068
0.965628
0.971835
0.97855
0.981606
0.980556
0.977409
0.973505
0.969368
0.965172
0.961003
0.957054
0.953873
0.952366
0.9558
0.962652
0.968087
0.969216
0.967444
0.964604
0.961631
0.958914
0.956644
0.954941
0.954247
0.955106
0.95901
0.967401
0.977961
0.984972
0.98699
0.986026
0.983674
0.980656
0.975849
0.972494
0.969189
0.966379
0.96509
0.967091
0.973126
0.979465
0.981674
0.980099
0.976747
0.970755
0.966689
0.962628
0.958683
0.950054
0.939647
0.929374
0.935361
0.94331
0.933493
0.93327
0.864655
0.86108
0.761049
0.029275
0.434648
0.850609
0.91562
0.950541
0.954057
0.961982
0.971635
0.985645
0.986966
0.98567
0.983166
0.980069
0.976639
0.973022
0.969423
0.966321
0.964854
0.96689
0.9728
0.980228
0.981615
0.979587
0.976066
0.970215
0.967874

0.0614505
0.620284
0.983869
0.987519
0.988085
0.988198
0.98822
0.988224
0.988225
0.988225
0.988225
0.988225
0.988225
0.988225
0.988225
0.988225
0.988225
0.988225
0.988225
0.988225
0.988225
0.988225
0.988225
0.988225
0.988225
0.988225
0.988225
0.988225
0.988225
0.988225
0.988225
0.988225
0.988225
0.988225
0.988225
0.988225
0.988225
0.988225
0.988225
0.988225
0.988225
0.988225
0.988225
0.988225
0.988225
0.988225
0.988225
0.988225
0.98647
0.98647
0.98647
0.98647
0.98647
0.98647
0.980822
0.971303
0.971303
0.971303
0.971303
0.971303
0.940819
0.423579
0.366681
0.980043
0.98608
0.988225
0.988225
0.988225
0.988225
0.988225
0.988225
0.988225
0.988225
0.988225
0.988225
0.988225
0.988225
0.988225
0.988225
0.988225
0.988225
0.988225
0.988225
0.988225
0.988225
0.988225
0.988225
0.988225
0.988225
0.988225
0.988225
0.988225
0.988225
0.988225
0.988225
0.988225
0.988225
0.988225
0.988225
0.988225
0.988225

0.0361605
0.0331571
0.939045
0.99365
0.993699
0.993699
0.993699
0.993699
0.993699
0.993699
0.993699
0.993699
0.993699
0.993699
0.993699
0.993699
0.993699
0.993699
0.993699
0.993699
0.993699
0.993699
0.993699
0.993699
0.993699
0.993699
0.993699
0.993699
0.993699
0.993699
0.993699
0.993699
0.993699
0.993699
0.993699
0.993699
0.993699
0.993699
0.993699
0.993699
0.993699
0.993699
0.993699
0.993699
0.993699
0.993699
0.993699
0.993699
0.993699
0.993699
0.993699
0.993699
0.993699
0.993699
0.993699
0.993699
0.993699
0.993699
0.993699
0.993699
0.993699
0.993699
0.993699
0.993699
0.993699
0.993699
0.993699
0.993699
0.993699
0.993699
0.993699
0.993699
0.993699
0.993699
0.993699
0.993699
0.993699
0.993699
0.993699
0.993699
0.991775
0.985936
0.985936
0.976207
0.976207
0.962624
0.962624
0.945243
0.924131
0.42362
0.993699
0.679812
0.97599
0.985791
0.985791
0.985791
0.985791
0.993699
0.993699
0.993699
0.993699

0.0523778
0.655702
0.978282
0.972469
0.972558
0.972643
0.972729
0.972814
0.972899
0.972983
0.973068
0.973153
0.963226
0.963315
0.963403
0.963492
0.96358
0.963667
0.963755
0.963843
0.950148
0.753654
0.128175
0.974158
0.0666221
0.797864
0.953073
0.966307
0.966367
0.975803
0.975868
0.975934
0.975999
0.976064
0.97613
0.976195
0.976261
0.976326
0.976392
0.98203
0.9821
0.982171
0.982241
0.982312
0.982383
0.982453
0.982524
0.982595
0.982666
0.982737
0.982808
0.982879
0.98295
0.983022
0.983093
0.983164
0.983236
0.983308
0.983379
0.983451
0.983523
0.985379
0.983667
0.98553
0.985606
0.985682
0.985758
0.985834
0.985911
0.985987
0.986063
0.98614
0.986216
0.986293
0.98637
0.986447
0.986524
0.986601
0.986678
0.986755
0.986832
0.986909
0.986987
0.987064
0.987142
0.987219
0.987297
0.987375
0.987453
0.987531
0.987609
0.987687
0.987765
0.987844
0.987922
0.988
0.988079
0.988157
0.988236
0.988314
0.988393

0.087333
0.923303
0.992237
0.992184
0.992182
0.992182
0.992182
0.992182
0.992182
0.992182
0.992182
0.992182
0.992182
0.992182
0.992182
0.992182
0.992182
0.992182
0.992182
0.992182
0.992182
0.992182
0.992182
0.992182
0.992182
0.992182
0.992182
0.992182
0.992182
0.992182
0.992182
0.992182
0.992182
0.992182
0.992182
0.992182
0.992182
0.992182
0.992182
0.992182
0.992182
0.992182
0.992182
0.992182
0.992182
0.992182
0.992182
0.992182
0.992182
0.992182
0.992182
0.992182
0.992182
0.992182
0.992182
0.992182
0.992182
0.992182
0.992182
0.992182
0.992182
0.992182
0.992182
0.992182
0.992182
0.992182
0.992182
0.992182
0.992182
0.992182
0.992182
0.992182
0.992182
0.992182
0.992182
0.992182
0.992182
0.992182
0.992182
0.992182
0.992182
0.992182
0.992182
0.992182
0.992182
0.992182
0.992182
0.992182
0.992182
0.992182
0.992182
0.992182
0.992182
0.992182
0.992182
0.992182
0.992182
0.992182
0.992182
0.992182
0.992182

0.0440762
0.404488
0.94592
0.978378
0.983823
0.984252
0.98427
0.984271
0.984271
0.984271
0.984271
0.984271
0.984271
0.984271
0.984271
0.984271
0.984271
0.984271
0.984271
0.984271
0.984271
0.984271
0.984271
0.984271
0.984271
0.984271
0.984271
0.984271
0.984271
0.984271
0.984271
0.984271
0.984271
0.984271
0.984271
0.984271
0.984271
0.984271
0.984271
0.984271
0.984271
0.984271
0.984271
0.984271
0.984271
0.984271
0.984271
0.984271
0.984271
0.984271
0.984271
0.976412
0.966691
0.966691
0.966691
0.966691
0.953154
0.935856
0.890263
0.890263
0.862148
0.757897
0.304898
0.890263
0.758891
0.936338
0.966983
0.966983
0.966983
0.966983
0.976607
0.976607
0.976607
0.976607
0.976607
0.982378
0.982378
0.982378
0.982378
0.982378
0.982378
0.982378
0.984271
0.984271
0.984271
0.984271
0.984271
0.984271
0.984271
0.984271
0.984271
0.984271
0.984271
0.984271
0.984271
0.984271
0.984271
0.984271
0.984271
0.984271
0.984271

0.0848326
0.83983
0.973888
0.996552
0.980151
0.983694
0.97378
0.947034
0.962694
0.930612
0.916957
0.879325
0.764684
0.625964
0.395863
0.795615
0.086364
0.893554
0.907786
0.96726
0.96202
0.964442
0.982901
0.973544
0.993084
0.971623
0.979012
0.968047
0.957255
0.968949
0.959478
0.98651
0.979357
0.990311
0.985439
0.968869
0.97672
0.960862
0.978444
0.960539
0.971102
0.974673
0.973226
0.993469
0.977454
0.992464
0.969249
0.973948
0.966343
0.955704
0.974579
0.965003
0.992678
0.98268
0.987453
0.985136
0.968701
0.979667
0.958947
0.977023
0.96235
0.973619
0.983341
0.976267
0.993637
0.975526
0.989382
0.972617
0.969038
0.969575
0.956198
0.978996
0.971844
0.996408
0.984659
0.983178
0.982618
0.965311
0.978509
0.957814
0.976993
0.969083
0.977625
0.988284
0.976705
0.992107
0.973901
0.985993
0.970048
0.965894
0.969807
0.959306
0.985468
0.97847
0.996935
0.983475
0.978266
0.979889
0.96228
0.976482
0.960939

0.053243
0.87547
0.977751
0.97794
0.982727
0.990337
0.995872
0.996477
0.985953
0.977274
0.978425
0.983469
0.991144
0.996394
0.995731
0.984253
0.976981
0.97897
0.984224
0.991939
0.996825
0.994744
0.982665
0.976858
0.979564
0.986535
0.992717
0.997144
0.993525
0.981236
0.976885
0.980198
0.987361
0.993471
0.997327
0.992098
0.979998
0.977042
0.982022
0.988187
0.994194
0.997351
0.990503
0.978968
0.977311
0.982797
0.989012
0.994878
0.99719
0.988796
0.978153
0.978258
0.983588
0.989832
0.995512
0.99682
0.987037
0.977548
0.978819
0.984392
0.990646
0.996081
0.996221
0.985295
0.977141
0.97944
0.985205
0.991449
0.99657
0.995383
0.983631
0.976851
0.980108
0.986025
0.992238
0.996961
0.994306
0.982099
0.976941
0.980815
0.98685
0.993007
0.997231
0.993004
0.98074
0.977167
0.981553
0.987676
0.993751
0.997357
0.991507
0.978742
0.977508
0.982315
0.988502
0.99446
0.997313
0.989862
0.977965
0.977946
0.983097

0.0601187
0.901449
0.995774
0.994555
0.992613
0.990734
0.989026
0.987451
0.985945
0.984444
0.982884
0.981204
0.978342
0.976651
0.975359
0.976122
0.982271
0.991767
0.995703
0.994985
0.993098
0.989342
0.987663
0.986137
0.979209
0.977909
0.967474
0.966273
0.952472
0.589375
0.810851
0.971185
0.973977
0.982147
0.995348
0.995357
0.993585
0.99164
0.989849
0.988215
0.986683
0.985188
0.983665
0.982052
0.980289
0.978351
0.976387
0.975218
0.977472
0.987316
0.994631
0.995636
0.994066
0.992109
0.990274
0.988607
0.987055
0.985557
0.984047
0.982462
0.98074
0.978843
0.976241
0.975245
0.977078
0.98481
0.993481
0.995775
0.994531
0.992587
0.99071
0.989005
0.987431
0.984339
0.982938
0.981497
0.979967
0.97832
0.976629
0.97535
0.972791
0.979889
0.983942
0.987903
0.946397
0.922971
0.97325
0.987275
0.985604
0.986294
0.984797
0.983257
0.98161
0.979801
0.977829
0.975943
0.975314
0.979083
0.989816
0.995375
0.995339

0.0626595
0.951986
0.987059
0.986695
0.984919
0.984918
0.984918
0.984918
0.93931
0.866072
0.863192
0.968641
0.986678
0.986678
0.986678
0.986678
0.986678
0.986678
0.986678
0.986678
0.986678
0.986678
0.986678
0.986678
0.986678
0.986678
0.986678
0.986678
0.986678
0.986678
0.986678
0.986678
0.986678
0.986678
0.986678
0.986678
0.986678
0.984918
0.984918
0.984918
0.979272
0.93931
0.866072
0.954936
0.978523
0.986678
0.986678
0.986678
0.986678
0.986678
0.986678
0.986678
0.986678
0.986678
0.986678
0.986678
0.986678
0.986678
0.986678
0.986678
0.986678
0.986678
0.986678
0.986678
0.986678
0.986678
0.986678
0.986678
0.986678
0.984918
0.984918
0.984918
0.984918
0.93931
0.91849
0.8915
0.968641
0.986678
0.986678
0.986678
0.986678
0.986678
0.986678
0.986678
0.986678
0.986678
0.986678
0.986678
0.986678
0.986678
0.986678
0.986678
0.986678
0.986678
0.986678
0.986678
0.986678
0.986678
0.986678
0.986678
0.986678

0.176848
0.987892
0.976884
0.996342
0.982791
0.986666
0.991561
0.978063
0.997115
0.9863
0.977958
0.994955
0.981111
0.991577
0.989833
0.977088
0.997251
0.984578
0.981814
0.99334
0.979517
0.99527
0.988102
0.976869
0.996395
0.982866
0.986444
0.991637
0.978118
0.997077
0.986376
0.977878
0.995022
0.981184
0.991377
0.989909
0.977118
0.99727
0.984654
0.981638
0.993414
0.979584
0.995146
0.988179
0.976856
0.996446
0.982941
0.986222
0.991713
0.978173
0.997035
0.986452
0.977801
0.995089
0.981257
0.991174
0.989986
0.977149
0.997287
0.984729
0.980373
0.993487
0.979652
0.995018
0.988255
0.976846
0.996497
0.983016
0.986001
0.991789
0.978229
0.99699
0.986528
0.977727
0.995156
0.98133
0.99097
0.990062
0.977182
0.997303
0.984805
0.980223
0.993561
0.97972
0.994886
0.988331
0.976838
0.996546
0.983091
0.984291
0.991865
0.978286
0.996942
0.986604
0.977656
0.995222
0.981404
0.990763
0.990138
0.977217
0.997316

0.0266247
0.89643
0.995986
0.995987
0.995987
0.995987
0.995987
0.995987
0.995987
0.995987
0.995987
0.994029
0.994029
0.988147
0.988147
0.978367
0.978367
0.978367
0.978367
0.926087
0.726121
0.872735
0.841
0.840879
0.978324
0.978324
0.988119
0.988119
0.994014
0.994014
0.994014
0.995987
0.995987
0.995987
0.995987
0.995987
0.995987
0.995987
0.995987
0.995987
0.995987
0.995987
0.995987
0.995987
0.995987
0.995987
0.995987
0.995987
0.995987
0.995987
0.995987
0.995987
0.995987
0.995987
0.995987
0.995987
0.995987
0.995987
0.995987
0.995987
0.995987
0.995987
0.995987
0.995987
0.995987
0.995987
0.995987
0.995987
0.995987
0.995987
0.995987
0.995987
0.995987
0.995987
0.995987
0.995987
0.995987
0.995987
0.995987
0.995987
0.995987
0.995987
0.995987
0.995987
0.995987
0.995987
0.995987
0.995987
0.995987
0.995987
0.995987
0.995987
0.995987
0.995987
0.995987
0.995987
0.995987
0.995987
0.995987
0.995987
0.995987

0.0239848
0.971158
0.998208
0.998208
0.998208
0.998208
0.998208
0.998208
0.998208
0.998208
0.998208
0.996228
0.996228
0.996228
0.996228
0.996228
0.990317
0.990317
0.928051
0.76903
0.874814
0.966808
0.424871
0.949402
0.980557
0.996249
0.996249
0.996249
0.996249
0.996249
0.996249
0.996249
0.996249
0.996249
0.996249
0.996249
0.996249
0.996249
0.996249
0.996249
0.998208
0.998208
0.998208
0.998208
0.998208
0.998208
0.998208
0.998208
0.998208
0.998208
0.998208
0.998208
0.998208
0.998208
0.998208
0.998208
0.998208
0.998208
0.998208
0.998208
0.998208
0.998208
0.998208
0.998208
0.998208
0.998208
0.998208
0.998208
0.998208
0.998208
0.998208
0.998208
0.998208
0.998208
0.998208
0.998208
0.998208
0.998208
0.998208
0.998208
0.998208
0.998208
0.998208
0.998208
0.998208
0.998208
0.998208
0.998208
0.998208
0.998208
0.998208
0.998208
0.998208
0.998208
0.998208
0.998208
0.998208
0.998208
0.998208
0.998208
0.998208

0.0868808
0.988894
0.989521
0.990162
0.990854
0.991609
0.992443
0.993372
0.994401
0.995505
0.99656
0.997165
0.996323
0.992541
0.986041
0.980212
0.97727
0.976597
0.977021
0.977845
0.979668
0.980699
0.981634
0.982478
0.983244
0.983946
0.984597
0.985209
0.985791
0.986355
0.986907
0.987456
0.988009
0.988575
0.989162
0.98978
0.99044
0.991156
0.991942
0.992813
0.993784
0.99485
0.995959
0.996903
0.997078
0.995188
0.990043
0.98335
0.978646
0.976793
0.976963
0.977917
0.979025
0.980104
0.981096
0.981992
0.982802
0.98354
0.984219
0.984853
0.985452
0.986025
0.986583
0.987133
0.987682
0.98824
0.988813
0.989412
0.990046
0.990728
0.99147
0.99229
0.993201
0.994213
0.995309
0.99639
0.997124
0.996644
0.993459
0.98725
0.981044
0.977587
0.976649
0.977316
0.978369
0.979478
0.980524
0.981476
0.982335
0.983114
0.983826
0.984485
0.985103
0.985691
0.986257
0.98681
0.987359
0.987911
0.988474
0.989056
0.989668

