0.0172039
0.0171896
0.0172073
0.0171958
0.0172106
0.0172021
0.0172139
0.0172083
0.0172172
0.0172145
0.0172191
0.0172224
0.0172238
0.0172269
0.017227
0.0172331
0.0172302
0.0172388
0.0172334
0.0172456
0.0172365
0.0172523
0.0172397
0.0172578
0.0172428
0.0172639
0.0172514
0.01727
0.0172606
0.0172792
0.0172703
0.0172858
0.0172751
0.0172925
0.0172798
0.0172991
0.0172846
0.0173057
0.0172893
0.0173123
0.0173018
0.017312
0.017322
0.0173178
0.0173285
0.0173237
0.017356
0.0173295
0.0173643
0.0173352
0.0173726
0.0173409
0.0173636
0.0173763
0.0173705
0.017374
0.0173549
0.0173808
0.0173604
0.0173757
0.0173659
0.0173943
0.0173848
0.0174134
0.0173908
0.0174207
0.0173819
0.0174278
0.0173872
0.0174206
0.0173923
0.017442
0.0174141
0.0174783
0.0174365
0.0175008
0.0174253
0.0175096
0.0174308
0.0174865
0.0174169
0.0174762
0.0174216
0.0174828
0.0174261
0.0174893
0.0174306
0.0174957
0.017435
0.0175021
0.0174619
0.0175083
0.0174435
0.0175144
0.0174476
0.0174975
0.0174262
0.0175263
0.0174294
0.0175321
0.0174325
0.0175129
0.0174074
0.0175178
0.0174383
0.0175226
0.017441
0.0175541
0.0174436
0.0175593
0.017476
0.0175644
0.017509
0.0175404
0.0175125
0.0175445
0.0174526
0.0175485
0.0174545
0.0175523
0.0174562
0.017556
0.0174578
0.0175595
0.0174939
0.0175628
0.0174605
0.0175317
0.0174976
0.017569
0.0174992
0.0175363
0.0175007
0.0175383
0.0175019
0.0175401
0.017503
0.0175035
0.0175039
0.0175043
0.0175046
0.0175049
0.0174231
0.0175053
0.0174221
0.0175055
0.0174636
0.0174632
0.0174628
0.0174624
0.0174619
0.0174613
0.0174607
0.01746
0.0174593
0.0174586
0.0174577
0.0174569
0.0174559
0.0174079
0.0174539
0.0174051
0.0174036
0.0174021
0.0174005
0.0173988
0.0173971
0.0173953
0.0173934
0.0173915
0.0173895
0.0174384
0.0173854
0.0173833
0.0174329
0.0173787
0.0174289
0.017374
0.0173176
0.0173689
0.0172006
0.0174713
0.0171933
0.017467
0.0172428
0.0174624
0.0171777
0.0174576
0.0171695
0.0174525
0.017161
0.017447
0.0170918
0.0174413
0.0171432
0.0174926
0.0171949
0.017429
0.0171859
0.0173631
0.0171766
0.0173555
0.017167
0.0173477
0.0171571
0.0173395
0.0172103
0.0173309
0.0172638
0.0173221
0.0173175
0.0173129
0.0173715
0.0173034
0.0173624
0.0172935
0.017353
0.0172833
0.0173432
0.0172728
0.0172674
0.0171952
0.0172563
0.0171833
0.0173118
0.017239
0.0172331
0.0172949
0.0172209
0.0172831
0.0172084
0.017271
0.0171955
0.0172585
0.0171822
0.0173152
0.0171685
0.0173025
0.0171545
0.0172187
0.0172117
0.0172046
0.0171975
0.0171902
0.0171828
0.0173195
0.0171678
0.0172331
0.0171523
0.0172909
0.0171364
0.0172759
0.017045
0.0174066
0.0171034
0.0173919
0.0170863
0.0173768
0.0169919
0.0172869
0.0169734
0.0173452
0.0169544
0.0173287
0.0170134
0.0173118
0.0169941
0.0172179
0.0170532
0.0170434
0.0169541
0.0170235
0.0170134
0.0170826
0.0170725
0.0170623
0.0169717
0.0170415
0.0168687
0.0170203
0.0169282
0.0170794
0.0169057
0.0170578
0.0168828
0.0170356
0.0168593
0.0170129
0.0168354
0.0169898
0.016811
0.0169661
0.0167861
0.0171077
0.0167607
0.017001
0.0168201
0.0169763
0.0167942
0.0169511
0.0167678
0.0169254
0.0167409
0.0168992
0.0166263
0.0168724
0.0165979
0.0168451
0.0165689
0.0167303
0.0165395
0.0166133
0.0165095
0.0165835
0.0163889
0.0166423
0.0165379
0.0165224
0.0164164
0.016491
0.0163843
0.0161841
0.0162598
0.0161504
0.0162262
0.0162092
0.0162848
0.0161748
0.0162506
0.0162332
0.0161222
0.0161982
0.0160865
0.0161626
0.0160502
0.0160319
0.015918
0.0160897
0.0158802
0.0160524
0.0158419
0.0160146
0.015803
0.0157834
0.0158605
0.0157437
0.0159176
0.0157035
0.0159742
0.0157605
0.0158374
0.0157195
0.0157965
0.0156779
0.015755
0.0156358
0.0156145
0.0155931
0.0155715
0.0155498
0.015528
0.0154061
0.0154839
0.0153614
0.015539
0.0153161
0.015394
0.0152702
0.0152471
0.0152238
0.0152004
0.0151768
0.0151531
0.0151293
0.0151053
0.0150811
0.0150568
0.0149294
0.0150079
0.0148799
0.0149583
0.0148297
0.0150113
0.0148829
0.0149608
0.0148319
0.0150129
0.0147803
0.0149616
0.0147282
0.0148061
0.0146754
0.0147533
0.0146221
0.0147
0.0145683
0.0146461
0.0145138
0.0145916
0.0145641
0.0145365
0.0145087
0.0144808
0.0144528
0.0144246
0.0143963
0.0143678
0.014233
0.0142041
0.0141751
0.0141459
0.0141166
0.0138721
0.0140576
0.0138124
0.013998
0.0137521
0.0139378
0.0135823
0.013877
0.0134111
0.0138157
0.0133488
0.0137538
0.013396
0.0135829
0.0134423
0.0135197
0.0133787
0.013456
0.0133145
0.0132823
0.0132498
0.0132173
0.0130744
0.0131517
0.0130084
0.0129752
0.012831
0.0129085
0.0126523
0.0128412
0.0125845
0.0126621
0.0125161
0.0124818
0.0125592
0.0123003
0.0124899
0.012343
0.0125317
0.0122729
0.0125726
0.0119764
0.0125019
0.0119051
0.0124307
0.0118333
0.012359
0.0116472
0.0122867
0.0115743
0.012214
0.0116148
0.0122518
0.011541
0.012178
0.0113528
0.0121037
0.011278
0.0119177
0.0112027
0.0116184
0.011127
0.0115424
0.0111648
0.0114661
0.0110881
0.0113892
0.011011
0.0113118
0.0108193
0.0111212
0.0106268
0.0111557
0.0104334
0.0109641
0.0103545
0.0108849
0.0102751
0.0108052
0.0101953
0.0106119
0.0101151
0.0105313
0.00991934
0.0104503
0.00995338
0.0103688
0.0098719

0.0138078
0.0140564
0.0141271
0.0143611
0.0144526
0.0146889
0.0147843
0.0150229
0.0151224
0.0153633
0.0154671
0.0157102
0.0158183
0.0160638
0.0161764
0.0164086
0.0165413
0.0167761
0.0169133
0.0171508
0.0172924
0.0175326
0.0176789
0.0179218
0.0180559
0.0183184
0.0184404
0.0187227
0.0188503
0.0191347
0.0192681
0.0195673
0.0196769
0.0200062
0.0201113
0.0204609
0.0206008
0.0208947
0.0210645
0.0213464
0.0215229
0.0217981
0.0219902
0.0222828
0.0224776
0.0227603
0.0229625
0.0232469
0.0234567
0.0237428
0.0239691
0.0242482
0.024489
0.0247633
0.0250165
0.0252882
0.0255478
0.0258247
0.0260893
0.0263691
0.0266411
0.0269228
0.0272052
0.0274873
0.0277774
0.0280627
0.028361
0.0286491
0.0289562
0.0292466
0.0295628
0.0298555
0.0301787
0.030476
0.0308033
0.0311083
0.0314436
0.0317527
0.032096
0.0324187
0.0327609
0.033098
0.0334287
0.033782
0.0341181
0.0344789
0.0348205
0.0351891
0.0355363
0.0359128
0.0362657
0.0366502
0.0369922
0.0373685
0.0377483
0.0381117
0.0385187
0.0389094
0.0393037
0.0397018
0.0401035
0.0404852
0.0409185
0.0413064
0.0417488
0.0421431
0.0425948
0.0429658
0.0434568
0.043765
0.0443349
0.0446453
0.0452297
0.0455421
0.0461412
0.0464954
0.0470699
0.0473865
0.0480506
0.0483778
0.049016
0.0493885
0.0499617
0.0503761
0.0509204
0.0513358
0.0519377
0.0523588
0.0529739
0.053401
0.0540295
0.0544626
0.0551048
0.055544
0.0562
0.0567015
0.0573157
0.0578813
0.0583954
0.0590282
0.0595508
0.0601963
0.0607277
0.0613861
0.0619264
0.062598
0.0632123
0.0638322
0.0645225
0.0650892
0.0659192
0.0663694
0.0672176
0.0676004
0.0686031
0.0689258
0.0699519
0.0702756
0.0713254
0.0716502
0.0726544
0.07305
0.0741484
0.0744754
0.0755987
0.0760142
0.0770755
0.0775816
0.0785793
0.0792613
0.0801886
0.0808039
0.0815856
0.0823745
0.0831704
0.0839736
0.084784
0.0856017
0.0864267
0.0872592
0.0880992
0.0889467
0.0898984
0.0906646
0.09173
0.0924134
0.0935946
0.0941938
0.095399
0.096006
0.0973318
0.0978508
0.0992041
0.0997286
0.101207
0.101755
0.10315
0.103703
0.105127
0.105686
0.107139
0.107705
0.109187
0.109882
0.111378
0.11185
0.113501
0.113977
0.115663
0.116142
0.117862
0.118346
0.1201
0.120726
0.122377
0.123011
0.12457
0.125336
0.126925
0.127701
0.129321
0.130108
0.131758
0.1324
0.134238
0.134888
0.136761
0.137419
0.139328
0.139993
0.141939
0.142612
0.144595
0.145276
0.14745
0.148164
0.150044
0.150742
0.153
0.153732
0.155682
0.15695
0.158741
0.159861
0.161685
0.163002
0.164678
0.166017
0.167722
0.169083
0.170994
0.172385
0.173965
0.17574
0.177166
0.178971
0.180606
0.182255
0.183918
0.185594
0.187472
0.188988
0.19126
0.192632
0.194749
0.196143
0.198296
0.199711
0.201901
0.203337
0.205564
0.207224
0.209287
0.210766
0.213261
0.214571
0.217108
0.218436
0.221017
0.222582
0.225182
0.226576
0.229219
0.230632
0.233319
0.234752
0.237484
0.238936
0.241713
0.243184
0.246407
0.247735
0.250775
0.25235
0.25521
0.257247
0.259711
0.261778
0.264068
0.266376
0.268475
0.271043
0.273172
0.27621
0.277937
0.281023
0.282771
0.285905
0.287675
0.290856
0.292648
0.295878
0.297691
0.300969
0.303062
0.305895
0.3085
0.311592
0.313763
0.316899
0.319579
0.322276
0.324992
0.327953
0.330475
0.333695
0.336028
0.339292
0.341891
0.344732
0.347589
0.350464
0.353356
0.356265
0.359192
0.362136
0.365339
0.368074
0.371316
0.374079
0.377359
0.380151
0.383468
0.386288
0.389889
0.39249
0.396131
0.399024
0.402437
0.405613
0.408805
0.412011
0.415233
0.418719
0.421719
0.425477
0.42852
0.432058
0.435124
0.438693
0.441781
0.445614
0.44849
0.452357
0.455248
0.459148
0.462054
0.465985
0.469421
0.472867
0.476323
0.480026
0.483265
0.487213
0.490245
0.494219
0.49726
0.501258
0.504306
0.508541
0.511381
0.515642
0.518482
0.522767
0.525605
0.529913
0.532748
0.537285
0.540182
0.544468
0.54785
0.551661
0.555044
0.558863
0.562245
0.566069
0.569448
0.573276
0.576879
0.58048
0.584081
0.587679
0.591275
0.595082
0.598458
0.602454
0.605627
0.609621
0.612777
0.617092
0.619907
0.62422
0.627239
0.631322
0.634524
0.638393
0.641575
0.645432
0.648591
0.652435
0.65557
0.659398
0.662508
0.666319
0.669596
0.673194
0.676446
0.680022
0.683246
0.686799
0.689995
0.693523
0.696689
0.700191
0.703503
0.7068
0.710082
0.713349
0.7166
0.719834
0.723053
0.726255
0.72944
0.732609
0.735914
0.738893
0.742164
0.745106
0.748342
0.751246
0.754446
0.75747
0.760474
0.763588
0.766425
0.7695
0.772296
0.775332
0.778087
0.781082
0.783795
0.786749
0.78942
0.792332
0.79496
0.797828
0.800413
0.803238
0.805909
0.808558
0.811185
0.813789
0.81637
0.818928
0.821463
0.823975
0.826464
0.828929
0.83137
0.833787
0.836181
0.838551
0.840896
0.843218
0.845515
0.847787
0.850035
0.852259
0.854458
0.856632
0.858782
0.860907
0.863007
0.865082
0.867132
0.869158
0.871158
0.873134
0.875084
0.87701

0.0321682
0.0328404
0.0335263
0.0342262
0.0349251
0.0356692
0.0363974
0.0371716
0.0379303
0.0387357
0.0395262
0.0403641
0.0411876
0.0420733
0.0429172
0.0438381
0.0447176
0.045675
0.0466075
0.047573
0.0485422
0.0495772
0.0505725
0.0516485
0.0526854
0.0538041
0.0548844
0.0560593
0.0571728
0.0583679
0.0595704
0.0607971
0.0620484
0.0633247
0.0646266
0.0659545
0.0673345
0.0686905
0.0701251
0.0715368
0.073028
0.0744976
0.0760477
0.0775774
0.0791886
0.0807806
0.0824553
0.0841263
0.0858526
0.0876017
0.0893853
0.091204
0.0930656
0.0949494
0.0968844
0.0988326
0.100848
0.10288
0.104964
0.107087
0.109253
0.11147
0.11371
0.116014
0.118326
0.120724
0.123137
0.125627
0.128134
0.13072
0.13334
0.136009
0.138692
0.141501
0.144286
0.147201
0.150065
0.153128
0.15609
0.159266
0.162304
0.165634
0.168785
0.172227
0.175506
0.179073
0.182473
0.186168
0.189733
0.19352
0.197213
0.201134
0.204958
0.209017
0.212976
0.217187
0.221271
0.225614
0.229849
0.234339
0.238716
0.243356
0.247878
0.252683
0.257337
0.262296
0.267144
0.272214
0.277212
0.282438
0.287538
0.292971
0.298221
0.303813
0.309213
0.314965
0.320515
0.326425
0.33218
0.338196
0.344095
0.350255
0.356249
0.362621
0.368819
0.375278
0.381616
0.388218
0.39469
0.40143
0.408031
0.414903
0.421626
0.428623
0.435462
0.442588
0.449521
0.456755
0.463786
0.471118
0.478237
0.485651
0.492851
0.50034
0.507605
0.515156
0.522474
0.530074
0.537496
0.545043
0.552514
0.56008
0.567563
0.575154
0.582546
0.590192
0.597566
0.605183
0.612591
0.620096
0.62739
0.6349
0.642132
0.649564
0.656718
0.664056
0.671118
0.678346
0.685301
0.692404
0.69924
0.706168
0.712906
0.719685
0.726272
0.732891
0.739315
0.745761
0.75193
0.758274
0.764262
0.77041
0.776101
0.782153
0.787649
0.793489
0.798783
0.804406
0.809494
0.814894
0.819775
0.824949
0.82962
0.834538
0.839029
0.843663
0.848003
0.852418
0.856546
0.860745
0.864664
0.868651
0.872367
0.876146
0.879665
0.883166
0.886571
0.889881
0.893099
0.896121
0.899263
0.902115
0.905081
0.90777
0.910569
0.913104
0.915744
0.918133
0.920623
0.922876
0.925224
0.92735
0.929564
0.931572
0.933662
0.935558
0.937532
0.939327
0.941193
0.942893
0.944605
0.946271
0.947895
0.949477
0.951018
0.952521
0.953988
0.955418
0.956814
0.958178
0.959509
0.960809
0.96208
0.963322
0.964535
0.965721
0.96688
0.968013
0.969119
0.9702
0.971256
0.972287
0.973292
0.974273
0.975228
0.976158
0.977062
0.977942
0.978795
0.979623
0.980424
0.9812
0.98195
0.982673
0.98337
0.984041
0.984686
0.985306
0.9859
0.986469
0.987014
0.987535
0.988032
0.988507
0.98896
0.989392
0.989803
0.990195
0.990568
0.990924
0.991262
0.991585
0.991892
0.992185
0.992465
0.992732
0.992988
0.993232
0.993465
0.993689
0.993904
0.99411
0.994308
0.994498
0.994681
0.994856
0.995026
0.995189
0.995346
0.995497
0.995642
0.995782
0.995917
0.996047
0.996171
0.996291
0.996405
0.996515
0.99662
0.99672
0.996816
0.996908
0.996995
0.997078
0.997156
0.997231
0.997301
0.997368
0.997431
0.99749
0.997546
0.997599
0.997648
0.997695
0.997738
0.997779
0.997817
0.997852
0.997885
0.997916
0.997945
0.997972
0.997996
0.99802
0.998041
0.998061
0.998079
0.998096
0.998112
0.998127
0.99814
0.998153
0.998164
0.998175
0.998185
0.998194
0.998203
0.99821
0.998217
0.998224
0.99823
0.998236
0.998241
0.998245
0.99825
0.998254
0.998258
0.998261
0.998264
0.998267
0.99827
0.998272
0.998274
0.998276
0.998278
0.99828
0.998281
0.998283
0.998284
0.998285
0.998286
0.998287
0.998288
0.998289
0.99829
0.998291
0.998291
0.998292
0.998292
0.998293
0.998293
0.998294
0.998294
0.998294
0.998295
0.998295
0.998295
0.998296
0.998296
0.998296
0.998296
0.998296
0.998296
0.998297
0.998297
0.998297
0.998297
0.998297
0.998297
0.998297
0.998297
0.998297
0.998297
0.998297
0.998297
0.998297
0.998297
0.998297
0.998297
0.998297
0.998297
0.998297
0.998297
0.998297
0.998297
0.998297
0.998297
0.998297
0.998297
0.998297
0.998297
0.998297
0.998297
0.998297
0.998297
0.998297
0.998297
0.998297
0.998297
0.998297
0.998297
0.998297
0.998297
0.998297
0.998297
0.998297
0.998297
0.998297
0.998297
0.998297
0.998297
0.998297
0.998297
0.998297
0.998297
0.998297
0.998297
0.998297
0.998297
0.998297
0.998297
0.998297
0.998297
0.998297
0.998297
0.998297
0.998297
0.998297
0.998297
0.998297
0.998297
0.998297
0.998297
0.998297
0.998297
0.998297
0.998297
0.998297
0.998297
0.998297
0.998297
0.998297
0.998297
0.998297
0.998297
0.998297
0.998297
0.998297
0.998297
0.998297
0.998297
0.998297
0.998297
0.998297
0.998297
0.998297
0.998297
0.998297
0.998297
0.998297
0.998297
0.998297
0.998297
0.998297
0.998297
0.998297
0.998297
0.998297
0.998297
0.998297

0.00620627
0.00637748
0.00647109
0.00665177
0.00675236
0.00691427
0.00705108
0.00723764
0.00736833
0.00755009
0.00770526
0.00791392
0.00807974
0.0082838
0.00846033
0.00867657
0.0088645
0.00907587
0.00929369
0.00951815
0.00974946
0.00998781
0.0102136
0.0104865
0.0107268
0.0109952
0.0112718
0.0115568
0.0118726
0.0121532
0.0124651
0.0127864
0.0131413
0.0133833
0.013835
0.0140944
0.0145717
0.0148495
0.0153538
0.0156802
0.0162111
0.016562
0.0170938
0.0174684
0.0180022
0.0184308
0.0189655
0.0194847
0.0200197
0.0206033
0.0211719
0.0217578
0.0223271
0.0229484
0.0235886
0.0242482
0.024965
0.0255894
0.0263883
0.0270932
0.027976
0.0286484
0.0295829
0.0302994
0.0313283
0.0320961
0.0331404
0.0340028
0.0350639
0.0359812
0.0371055
0.0381277
0.0392723
0.0403583
0.0415721
0.0427743
0.0439632
0.0452886
0.0465514
0.0479569
0.0492426
0.0507884
0.0522127
0.0537929
0.0553054
0.0569808
0.0585869
0.0604784
0.0620683
0.0640711
0.0657616
0.0678213
0.0697468
0.0719244
0.0739049
0.0762116
0.0783148
0.0808229
0.0829911
0.0856459
0.0880247
0.0907591
0.0932839
0.0961791
0.0988582
0.101923
0.104923
0.108083
0.111187
0.114534
0.117823
0.12144
0.12485
0.128676
0.132289
0.136334
0.140161
0.144438
0.14849
0.153161
0.157296
0.162227
0.166604
0.171806
0.176437
0.181922
0.186707
0.192599
0.197655
0.203859
0.209318
0.215725
0.221481
0.228128
0.234282
0.241267
0.24798
0.255072
0.262121
0.269661
0.276952
0.284847
0.2926
0.30074
0.308952
0.31744
0.32591
0.334756
0.343576
0.352776
0.362047
0.371488
0.381097
0.39087
0.400804
0.410894
0.421134
0.43152
0.442235
0.452702
0.463679
0.47438
0.485714
0.496485
0.50805
0.518939
0.530659
0.541653
0.55348
0.564654
0.576411
0.587782
0.599341
0.610664
0.622155
0.633438
0.644732
0.655849
0.666951
0.677889
0.688692
0.699348
0.709842
0.720161
0.730294
0.74023
0.749984
0.759468
0.768782
0.777808
0.786655
0.795203
0.803566
0.811623
0.819496
0.827061
0.834445
0.841525
0.848429
0.855036
0.861477
0.86766
0.873624
0.879373
0.884913
0.89025
0.895388
0.900335
0.905094
0.909673
0.914076
0.918309
0.922376
0.926284
0.930037
0.933641
0.937099
0.940418
0.9436
0.946651
0.949574
0.952373
0.955052
0.957615
0.960064
0.962403
0.964634
0.96676
0.968784
0.970709
0.972536
0.974269
0.975911
0.977463
0.97893
0.980313
0.981616
0.982842
0.983994
0.985076
0.98609
0.987041
0.987932
0.988765
0.989545
0.990274
0.990955
0.991592
0.992187
0.992742
0.993261
0.993744
0.994195
0.994615
0.995006
0.99537
0.995708
0.996021
0.996312
0.99658
0.996828
0.997056
0.997266
0.997459
0.997635
0.997796
0.997942
0.998075
0.998196
0.998306
0.998405
0.998494
0.998575
0.998647
0.998712
0.99877
0.998822
0.998869
0.99891
0.998947
0.99898
0.99901
0.999036
0.999059
0.99908
0.999099
0.999115
0.99913
0.999143
0.999154
0.999164
0.999173
0.999182
0.999189
0.999195
0.999201
0.999206
0.99921
0.999214
0.999217
0.999221
0.999223
0.999226
0.999228
0.99923
0.999232
0.999233
0.999234
0.999236
0.999237
0.999238
0.999239
0.999239
0.99924
0.999241
0.999241
0.999242
0.999242
0.999242
0.999243
0.999243
0.999243
0.999244
0.999244
0.999244
0.999244
0.999244
0.999244
0.999245
0.999245
0.999245
0.999245
0.999245
0.999245
0.999245
0.999245
0.999245
0.999245
0.999245
0.999245
0.999245
0.999245
0.999245
0.999245
0.999246
0.999246
0.999246
0.999246
0.999246
0.999246
0.999246
0.999246
0.999246
0.999246
0.999246
0.999246
0.999246
0.999246
0.999246
0.999246
0.999246
0.999246
0.999246
0.999246
0.999246
0.999246
0.999246
0.999246
0.999246
0.999246
0.999246
0.999246
0.999246
0.999246
0.999246
0.999246
0.999246
0.999246
0.999246
0.999246
0.999246
0.999246
0.999246
0.999246
0.999246
0.999246
0.999246
0.999246
0.999246
0.999246
0.999246
0.999246
0.999246
0.999246
0.999246
0.999246
0.999246
0.999246
0.999246
0.999246
0.999246
0.999246
0.999246
0.999246
0.999246
0.999246
0.999246
0.999246
0.999246
0.999246
0.999246
0.999246
0.999246
0.999246
0.999246
0.999246
0.999246
0.999246
0.999246
0.999246
0.999246
0.999246
0.999246
0.999246
0.999246
0.999246
0.999246
0.999246
0.999246
0.999246
0.999246
0.999246
0.999246
0.999246
0.999246
0.999246
0.999246
0.999246
0.999246
0.999246
0.999246
0.999246
0.999246
0.999246
0.999246
0.999246
0.999246
0.999246
0.999246
0.999246
0.999246
0.999246
0.999246
0.999246
0.999246
0.999246
0.999246
0.999246
0.999246
0.999246
0.999246
0.999246
0.999246
0.999246
0.999246
0.999246
0.999246
0.999246
0.999246
0.999246
0.999246
0.999246
0.999246
0.999246
0.999246
0.999246
0.999246
0.999246
0.999246
0.999246
0.999246
0.999246
0.999246
0.999246
0.999246
0.999246
0.999246
0.999246
0.999246
0.999246
0.999246
0.999246
0.999246
0.999246
0.999246
0.999246
0.999246
0.999246
0.999246
0.999246

0.0235112
0.024067
0.0254391
0.0263701
0.027859
0.0288727
0.0304883
0.0317891
0.0333454
0.0347596
0.0362299
0.0379874
0.0391067
0.0414948
0.0427157
0.0453057
0.0471949
0.0491588
0.0512003
0.0542532
0.0555283
0.0591646
0.0605581
0.0644992
0.0656402
0.0706767
0.0719556
0.0778166
0.0788398
0.0843026
0.0872754
0.092258
0.096006
0.100918
0.104477
0.110878
0.114796
0.121731
0.124834
0.132332
0.137639
0.145111
0.150906
0.160349
0.165316
0.176196
0.180946
0.192638
0.199441
0.211189
0.219435
0.230418
0.24261
0.253605
0.264168
0.279251
0.289839
0.306539
0.316348
0.333882
0.344513
0.360447
0.375931
0.390174
0.404773
0.423759
0.436683
0.453941
0.47067
0.486047
0.502468
0.519928
0.535034
0.553671
0.571528
0.586935
0.606505
0.623548
0.638876
0.662139
0.676127
0.694406
0.709818
0.726093
0.741376
0.756759
0.771134
0.784529
0.797415
0.810755
0.823044
0.834342
0.84629
0.856508
0.86684
0.876521
0.885161
0.893295
0.900941
0.908347
0.915081
0.921747
0.927653
0.933173
0.938457
0.943267
0.94775
0.951923
0.955805
0.959567
0.962914
0.966019
0.968894
0.971556
0.974017
0.97629
0.978389
0.980324
0.982107
0.983748
0.985256
0.98664
0.987908
0.989069
0.99013
0.991097
0.991992
0.992792
0.993517
0.994173
0.994767
0.995302
0.995785
0.99622
0.996611
0.996961
0.997276
0.997557
0.997808
0.998032
0.99823
0.998406
0.99856
0.998697
0.998816
0.99892
0.999011
0.99909
0.999158
0.999218
0.999269
0.999312
0.99935
0.999383
0.99941
0.999434
0.999455
0.999472
0.999487
0.9995
0.99951
0.99952
0.999528
0.999535
0.99954
0.999545
0.99955
0.999553
0.999556
0.999559
0.999561
0.999563
0.999565
0.999567
0.999568
0.999569
0.99957
0.999571
0.999571
0.999572
0.999572
0.999573
0.999573
0.999574
0.999574
0.999574
0.999574
0.999575
0.999575
0.999575
0.999575
0.999575
0.999575
0.999575
0.999576
0.999576
0.999576
0.999576
0.999576
0.999576
0.999576
0.999576
0.999576
0.999576
0.999576
0.999576
0.999576
0.999576
0.999576
0.999576
0.999576
0.999576
0.999576
0.999576
0.999576
0.999576
0.999576
0.999576
0.999576
0.999576
0.999576
0.999576
0.999576
0.999576
0.999576
0.999576
0.999576
0.999576
0.999576
0.999576
0.999576
0.999576
0.999576
0.999576
0.999576
0.999576
0.999576
0.999576
0.999576
0.999576
0.999576
0.999576
0.999576
0.999576
0.999576
0.999576
0.999576
0.999576
0.999576
0.999576
0.999576
0.999576
0.999576
0.999576
0.999576
0.999576
0.999576
0.999576
0.999576
0.999576
0.999576
0.999576
0.999576
0.999576
0.999576
0.999576
0.999576
0.999576
0.999576
0.999576
0.999576
0.999576
0.999576
0.999576
0.999576
0.999576
0.999576
0.999576
0.999576
0.999576
0.999576
0.999576
0.999576
0.999576
0.999576
0.999576
0.999576
0.999576
0.999576
0.999576
0.999576
0.999576
0.999576
0.999576
0.999576
0.999576
0.999576
0.999576
0.999576
0.999576
0.999576
0.999576
0.999576
0.999576
0.999576
0.999576
0.999576
0.999576
0.999576
0.999576
0.999576
0.999576
0.999576
0.999576
0.999576
0.999576
0.999576
0.999576
0.999576
0.999576
0.999576
0.999576
0.999576
0.999576
0.999576
0.999576
0.999576
0.999576
0.999576
0.999576
0.999576
0.999576
0.999576
0.999576
0.999576
0.999576
0.999576
0.999576
0.999576
0.999576
0.999576
0.999576
0.999576
0.999576
0.999576
0.999576
0.999576
0.999576
0.999576
0.999576
0.999576
0.999576
0.999576
0.999576
0.999576
0.999576
0.999576
0.999576
0.999576
0.999576
0.999576
0.999576
0.999576
0.999576
0.999576
0.999576
0.999576
0.999576
0.999576
0.999576
0.999576
0.999576
0.999576
0.999576
0.999576
0.999576
0.999576
0.999576
0.999576
0.999576
0.999576
0.999576
0.999576
0.999576
0.999576
0.999576
0.999576
0.999576
0.999576
0.999576
0.999576
0.999576
0.999576
0.999576
0.999576
0.999576
0.999576
0.999576
0.999576
0.999576
0.999576
0.999576
0.999576
0.999576
0.999576
0.999576
0.999576
0.999576
0.999576
0.999576
0.999576
0.999576
0.999576
0.999576
0.999576
0.999576
0.999576
0.999576
0.999576
0.999576
0.999576
0.999576
0.999576
0.999576
0.999576
0.999576
0.999576
0.999576
0.999576
0.999576
0.999576
0.999576
0.999576
0.999576
0.999576
0.999576
0.999576
0.999576
0.999576
0.999576
0.999576
0.999576
0.999576
0.999576
0.999576
0.999576
0.999576
0.999576
0.999576
0.999576
0.999576
0.999576
0.999576
0.999576
0.999576
0.999576
0.999576
0.999576
0.999576
0.999576
0.999576
0.999576
0.999576
0.999576
0.999576
0.999576
0.999576
0.999576
0.999576
0.999576
0.999576
0.999576
0.999576
0.999576
0.999576
0.999576
0.999576
0.999576
0.999576
0.999576
0.999576
0.999576
0.999576
0.999576
0.999576
0.999576
0.999576
0.999576
0.999576
0.999576
0.999576
0.999576
0.999576
0.999576
0.999576
0.999576
0.999576
0.999576
0.999576
0.999576

0.0159075
0.0169074
0.0175415
0.0186459
0.0193443
0.020564
0.0213336
0.0226804
0.0236264
0.0249146
0.0261659
0.0274803
0.028861
0.0304347
0.0319643
0.0337061
0.0352588
0.0373282
0.0390501
0.0413379
0.0430762
0.0459506
0.0478932
0.050688
0.0528307
0.0561225
0.0585008
0.0621342
0.0647732
0.0687823
0.0717097
0.0758605
0.0793779
0.0836596
0.088474
0.093224
0.0978865
0.103471
0.108274
0.11405
0.12012
0.12609
0.134421
0.139345
0.148478
0.154869
0.164846
0.172917
0.181853
0.191206
0.200463
0.210676
0.222453
0.233056
0.244686
0.256199
0.271214
0.283153
0.298027
0.31156
0.328099
0.343896
0.358316
0.376954
0.392972
0.410648
0.426861
0.446589
0.465389
0.483306
0.503252
0.522239
0.541936
0.560071
0.580474
0.599217
0.618419
0.637989
0.656827
0.675389
0.694876
0.712275
0.729221
0.746775
0.762701
0.778372
0.793937
0.808277
0.821745
0.834926
0.847223
0.858721
0.869693
0.879913
0.889615
0.89863
0.907071
0.914962
0.922327
0.929186
0.935562
0.941476
0.946946
0.951992
0.95663
0.960965
0.964756
0.968365
0.971553
0.974427
0.977056
0.979376
0.98144
0.983283
0.984927
0.986396
0.987711
0.988894
0.989962
0.990931
0.991814
0.992624
0.993369
0.994056
0.99469
0.995275
0.995814
0.996307
0.996757
0.997164
0.997529
0.997853
0.99814
0.99839
0.998606
0.998792
0.99895
0.999084
0.999197
0.999291
0.999369
0.999433
0.999487
0.999531
0.999567
0.999597
0.999621
0.999641
0.999657
0.99967
0.999681
0.99969
0.999697
0.999703
0.999707
0.999711
0.999715
0.999717
0.999719
0.999721
0.999722
0.999724
0.999724
0.999725
0.999726
0.999726
0.999727
0.999727
0.999727
0.999728
0.999728
0.999728
0.999728
0.999728
0.999728
0.999729
0.999729
0.999729
0.999729
0.999729
0.999729
0.999729
0.999729
0.999729
0.999729
0.999729
0.999729
0.999729
0.999729
0.999729
0.999729
0.999729
0.999729
0.999729
0.999729
0.999729
0.999729
0.999729
0.999729
0.999729
0.999729
0.999729
0.999729
0.999729
0.999729
0.999729
0.999729
0.999729
0.999729
0.999729
0.999729
0.999729
0.999729
0.999729
0.999729
0.999729
0.999729
0.999729
0.999729
0.999729
0.999729
0.999729
0.999729
0.999729
0.999729
0.999729
0.999729
0.999729
0.999729
0.999729
0.999729
0.999729
0.999729
0.999729
0.999729
0.999729
0.999729
0.999729
0.999729
0.999729
0.999729
0.999729
0.999729
0.999729
0.999729
0.999729
0.999729
0.999729
0.999729
0.999729
0.999729
0.999729
0.999729
0.999729
0.999729
0.999729
0.999729
0.999729
0.999729
0.999729
0.999729
0.999729
0.999729
0.999729
0.999729
0.999729
0.999729
0.999729
0.999729
0.999729
0.999729
0.999729
0.999729
0.999729
0.999729
0.999729
0.999729
0.999729
0.999729
0.999729
0.999729
0.999729
0.999729
0.999729
0.999729
0.999729
0.999729
0.999729
0.999729
0.999729
0.999729
0.999729
0.999729
0.999729
0.999729
0.999729
0.999729
0.999729
0.999729
0.999729
0.999729
0.999729
0.999729
0.999729
0.999729
0.999729
0.999729
0.999729
0.999729
0.999729
0.999729
0.999729
0.999729
0.999729
0.999729
0.999729
0.999729
0.999729
0.999729
0.999729
0.999729
0.999729
0.999729
0.999729
0.999729
0.999729
0.999729
0.999729
0.999729
0.999729
0.999729
0.999729
0.999729
0.999729
0.999729
0.999729
0.999729
0.999729
0.999729
0.999729
0.999729
0.999729
0.999729
0.999729
0.999729
0.999729
0.999729
0.999729
0.999729
0.999729
0.999729
0.999729
0.999729
0.999729
0.999729
0.999729
0.999729
0.999729
0.999729
0.999729
0.999729
0.999729
0.999729
0.999729
0.999729
0.999729
0.999729
0.999729
0.999729
0.999729
0.999729
0.999729
0.999729
0.999729
0.999729
0.999729
0.999729
0.999729
0.999729
0.999729
0.999729
0.999729
0.999729
0.999729
0.999729
0.999729
0.999729
0.999729
0.999729
0.999729
0.999729
0.999729
0.999729
0.999729
0.999729
0.999729
0.999729
0.999729
0.999729
0.999729
0.999729
0.999729
0.999729
0.999729
0.999729
0.999729
0.999729
0.999729
0.999729
0.999729
0.999729
0.999729
0.999729
0.999729
0.999729
0.999729
0.999729
0.999729
0.999729
0.999729
0.999729
0.999729
0.999729
0.999729
0.999729
0.999729
0.999729
0.999729
0.999729
0.999729
0.999729
0.999729
0.999729
0.999729
0.999729
0.999729
0.999729
0.999729
0.999729
0.999729
0.999729
0.999729
0.999729
0.999729
0.999729
0.999729
0.999729
0.999729
0.999729
0.999729
0.999729
0.999729
0.999729
0.999729
0.999729
0.999729
0.999729
0.999729
0.999729
0.999729
0.999729
0.999729
0.999729
0.999729
0.999729
0.999729
0.999729
0.999729
0.999729
0.999729
0.999729
0.999729
0.999729
0.999729
0.999729
0.999729
0.999729
0.999729
0.999729
0.999729
0.999729
0.999729
0.999729
0.999729
0.999729
0.999729
0.999729
0.999729
0.999729
0.999729
0.999729
0.999729
0.999729
0.999729
0.999729
0.999729
0.999729
0.999729
0.999729
0.999729

