0.0279021
0.0315113
0.0144663
0.0868802
0.0467408
0.00890819
0.0037392
0.0227557
0.0355088
0.0306231
0.00458757
0.0593233
0.0673744
0.00940209
0.022796
0.0414224
0.0339418
0.00981542
0.0392093
0.0300203
0.0289012
0.0214766
0.00999719
0.00376055
0.00649314
0.0448559
0.0599004
0.0475394
0.000965242
0.00951315
0.0400794
0.0545068
0.0767732
0.116963
0.104781
0.111298
0.126651
0.0836435
0.0700547
0.0784363
0.0790694
0.0578806
0.0143579
0.00669859
0.0454495
0.01369
0.000701976
0.0700497
0.0666562
0.00185295
0.0178373
0.0210377
0.0663206
0.0693875
0.0554473
0.0925623
0.129836
0.107705
0.100045
0.10554
0.0638931
0.0538393
0.0694613
0.0955044
0.147346
0.149606
0.091043
0.0889919
0.105424
0.112531
0.105178
0.100737
0.132334
0.163586
0.13166
0.115044
0.105671
0.0423708
0.00787668
0.0855472
0.135606
0.143016
0.115416
0.0769687
0.0562964
0.0392496
0.0412791
0.0901447
0.0559213
0.0139161
0.0241608
0.0646578
0.0613564
0.0475942
0.0175601
0.00541246
0.0169515
0.0361083
0.0250046
0.0167947
0.037786

0.0222265
0.0835749
0.108115
0.146928
0.167095
0.224152
0.239439
0.261601
0.28072
0.335235
0.371827
0.37995
0.431477
0.465956
0.517423
0.526461
0.614651
0.64142
0.634374
0.602565
0.655111
0.688331
0.699524
0.717831
0.738035
0.764264
0.70713
0.715121
0.710805
0.758864
0.763652
0.811729
0.792713
0.804204
0.817292
0.837254
0.822762
0.787141
0.79394
0.759884
0.778463
0.782361
0.832905
0.78946
0.75867
0.757766
0.8009
0.762046
0.743984
0.757857
0.791022
0.828507
0.804402
0.811118
0.752601
0.759677
0.776389
0.838936
0.810915
0.812316
0.810673
0.795731
0.779568
0.808193
0.833975
0.787039
0.759485
0.782559
0.814455
0.77666
0.773725
0.801293
0.839274
0.801977
0.803573
0.793502
0.795435
0.783191
0.767801
0.768285
0.758707
0.756259
0.759727
0.747885
0.712439
0.698018
0.714902
0.737924
0.717103
0.792335
0.811059
0.793303
0.828838
0.864234
0.842557
0.7272
0.730831
0.766978
0.827233
0.782494
0.777995

0.191995
0.192663
0.126899
0.0578637
0.19187
0.345647
0.573794
0.667421
0.774863
0.686385
0.728015
0.828608
0.827866
0.783522
0.764688
0.756205
0.788372
0.79115
0.747229
0.793602
0.811054
0.749223
0.786668
0.759532
0.839159
0.860231
0.800607
0.796582
0.860888
0.835226
0.809515
0.809164
0.834742
0.851476
0.828536
0.767523
0.810166
0.796195
0.783066
0.815521
0.823131
0.876875
0.856706
0.812515
0.809847
0.827169
0.855518
0.866725
0.82955
0.772577
0.806776
0.830543
0.858761
0.819288
0.799144
0.833477
0.843739
0.835154
0.82664
0.824882
0.848376
0.843032
0.798896
0.836312
0.884467
0.846198
0.812744
0.783293
0.821476
0.87682
0.83575
0.796473
0.817408
0.814323
0.849868
0.841079
0.858166
0.856151
0.839565
0.809791
0.84091
0.826418
0.809763
0.846415
0.828975
0.835526
0.8356
0.810404
0.848299
0.819537
0.811519
0.834805
0.855346
0.842437
0.837032
0.805821
0.828082
0.845905
0.845794
0.837655
0.844053

0.0958076
0.169664
0.182336
0.111994
0.748044
0.906411
0.900989
0.901137
0.906516
0.93142
0.9337
0.88572
0.92221
0.894223
0.903982
0.906171
0.921627
0.927267
0.891744
0.875412
0.932196
0.908741
0.915845
0.904634
0.86936
0.936709
0.901223
0.893448
0.929752
0.900991
0.893094
0.918716
0.884974
0.922346
0.911072
0.89463
0.906829
0.87679
0.879176
0.877214
0.860285
0.886707
0.833236
0.842063
0.792551
0.822476
0.867565
0.785387
0.735228
0.801841
0.77327
0.761057
0.735547
0.70355
0.791041
0.697469
0.648534
0.698235
0.694413
0.656458
0.509211
0.522587
0.586454
0.477584
0.43872
0.477931
0.451096
0.411796
0.169856
0.231411
0.287915
0.093664
0.0623085
0.0259308
0.559836
0.37288
0.747098
0.771935
0.651701
0.868458
0.886046
0.914467
0.930224
0.923587
0.774301
0.488587
0.480997
0.429108
0.458595
0.498362
0.210152
0.0104524
0.0966055
0.271695
0.161975
0.195194
0.407413
0.440884
0.382776
0.422853
0.460134

0.0850007
0.180966
0.413812
0.731724
0.91521
0.94992
0.973892
0.978036
0.965102
0.97958
0.963978
0.970866
0.981606
0.962448
0.976714
0.970776
0.967744
0.981419
0.961289
0.973693
0.97821
0.964765
0.979309
0.964247
0.970614
0.981666
0.962293
0.976503
0.971315
0.967532
0.981315
0.961355
0.973485
0.97859
0.964576
0.979133
0.964608
0.970406
0.981739
0.962165
0.976304
0.971865
0.967327
0.981207
0.961441
0.973279
0.97895
0.964389
0.978955
0.964989
0.970198
0.981795
0.962045
0.976104
0.972415
0.967122
0.981092
0.961544
0.973073
0.979289
0.964205
0.978775
0.965391
0.96999
0.981835
0.9614
0.975904
0.972961
0.966918
0.98097
0.961664
0.972867
0.979606
0.964023
0.978593
0.965812
0.969782
0.981859
0.961335
0.975702
0.973503
0.966715
0.980841
0.961803
0.97266
0.9799
0.963844
0.978408
0.966251
0.969575
0.981868
0.961278
0.975501
0.974038
0.966512
0.980706
0.96196
0.972454
0.980173
0.963668
0.978221

0.1515
0.325292
0.860048
0.982017
0.982271
0.981919
0.983604
0.983185
0.982729
0.982234
0.981704
0.981139
0.980543
0.979918
0.979268
0.978595
0.977904
0.977198
0.976482
0.975759
0.975034
0.974311
0.973594
0.972888
0.972195
0.971521
0.970867
0.970239
0.969637
0.969066
0.968527
0.968023
0.967554
0.967123
0.96673
0.966376
0.966061
0.965786
0.965549
0.965352
0.965193
0.965072
0.964988
0.964939
0.964926
0.964945
0.964997
0.96508
0.965672
0.96588
0.966113
0.966371
0.966652
0.966953
0.967275
0.967616
0.967973
0.968347
0.968736
0.969139
0.969554
0.96998
0.970417
0.970863
0.971318
0.97178
0.972248
0.972722
0.973201
0.973683
0.974169
0.974656
0.975145
0.975633
0.976122
0.976609
0.977094
0.977576
0.978054
0.978527
0.978995
0.979456
0.979909
0.980353
0.980788
0.981212
0.981623
0.982022
0.982407
0.982775
0.983127
0.983461
0.983775
0.984068
0.982503
0.977041
0.977264
0.977459
0.977625
0.977759
0.977861

0.0661255
0.0617343
0.804318
0.918942
0.928229
0.947679
0.911862
0.938892
0.920527
0.949805
0.911085
0.943748
0.932267
0.931864
0.926901
0.950215
0.911223
0.943457
0.931072
0.924307
0.935963
0.926381
0.915993
0.941126
0.923067
0.919818
0.956099
0.921432
0.950296
0.937308
0.931286
0.929026
0.958956
0.922854
0.941828
0.918516
0.949476
0.906128
0.943607
0.926227
0.928409
0.91569
0.951369
0.907507
0.951168
0.93241
0.929303
0.929457
0.950629
0.901025
0.916054
0.924383
0.916228
0.892585
0.934786
0.91141
0.894786
0.93206
0.915597
0.912056
0.944973
0.937254
0.892056
0.948566
0.9157
0.918259
0.906739
0.943377
0.893235
0.919846
0.918248
0.922046
0.8867
0.946691
0.897935
0.910127
0.939839
0.92354
0.885705
0.95482
0.906333
0.904216
0.927339
0.923889
0.891012
0.926815
0.917452
0.900278
0.920997
0.924517
0.899124
0.901976
0.95834
0.898739
0.922431
0.933028
0.924406
0.894389
0.943472
0.900249
0.919531

0.0662459
0.4169
0.962622
0.980338
0.978744
0.977213
0.97573
0.974285
0.972891
0.971574
0.970359
0.969277
0.968357
0.967636
0.967146
0.966923
0.966998
0.967396
0.968129
0.969197
0.970577
0.972226
0.974075
0.977553
0.979646
0.981624
0.983396
0.984886
0.986044
0.986843
0.98728
0.987371
0.987144
0.986636
0.985885
0.984933
0.983816
0.982569
0.981225
0.979813
0.978359
0.976888
0.975424
0.97399
0.972611
0.971313
0.970123
0.969072
0.96819
0.967514
0.967077
0.966913
0.967053
0.96752
0.968324
0.969459
0.970899
0.972595
0.975881
0.977991
0.980069
0.982011
0.98373
0.985155
0.986239
0.986963
0.987326
0.987349
0.98706
0.986499
0.985703
0.984713
0.983567
0.982298
0.980937
0.979514
0.978055
0.976583
0.975123
0.973699
0.972334
0.971056
0.969893
0.968874
0.968032
0.967403
0.96702
0.966917
0.967123
0.967659
0.968532
0.969734
0.971232
0.974252
0.976316
0.978428
0.980486
0.982389
0.984052
0.985409
0.986419

0.0390242
0.350734
0.940137
0.986533
0.976694
0.976987
0.988762
0.969549
0.987001
0.974429
0.976932
0.987707
0.969991
0.987946
0.972748
0.978199
0.986312
0.970642
0.988727
0.968482
0.974144
0.98274
0.96695
0.987549
0.967244
0.975342
0.980684
0.967743
0.987868
0.966352
0.976525
0.978442
0.968656
0.987895
0.958419
0.968292
0.970116
0.960901
0.981935
0.957964
0.956081
0.943953
0.720107
0.718573
0.088829
0.891545
0.94597
0.969383
0.979456
0.970387
0.988022
0.971484
0.979706
0.984083
0.971231
0.988786
0.970371
0.981063
0.982394
0.972223
0.989339
0.969609
0.982402
0.980481
0.973333
0.989635
0.969196
0.983704
0.97845
0.974534
0.989632
0.969108
0.98495
0.976416
0.975803
0.98929
0.969314
0.986116
0.974496
0.97712
0.988578
0.969776
0.987176
0.972789
0.978467
0.987487
0.970455
0.988097
0.972484
0.979826
0.986031
0.971313
0.988844
0.97118
0.981182
0.984256
0.972317
0.989376
0.970225
0.982518
0.98224

0.160093
0.456247
0.97833
0.987996
0.993867
0.993867
0.993867
0.993867
0.993867
0.993867
0.993867
0.993867
0.993867
0.993867
0.995819
0.995819
0.995819
0.995819
0.995819
0.995819
0.995819
0.995819
0.995819
0.995819
0.995819
0.995819
0.995819
0.995819
0.995819
0.995819
0.995819
0.995819
0.995819
0.995819
0.995819
0.995819
0.995819
0.995819
0.995819
0.995819
0.995819
0.995819
0.995819
0.995819
0.995819
0.995819
0.995819
0.995819
0.995819
0.995819
0.995819
0.995819
0.995819
0.995819
0.995819
0.995819
0.995819
0.995819
0.995819
0.995819
0.995819
0.995819
0.995819
0.995819
0.995819
0.995819
0.995819
0.995819
0.995819
0.995819
0.995819
0.995819
0.995819
0.995819
0.995819
0.995819
0.995819
0.995819
0.995819
0.995819
0.995819
0.995819
0.995819
0.995819
0.995819
0.995819
0.995819
0.995819
0.995819
0.995819
0.995819
0.995819
0.995819
0.995819
0.995819
0.995819
0.995819
0.995819
0.995819
0.995819
0.995819

0.00603145
0.597943
0.983083
0.984294
0.974502
0.989238
0.969719
0.982081
0.984635
0.974176
0.989047
0.969784
0.981806
0.985237
0.973918
0.988862
0.96988
0.981532
0.985809
0.973662
0.988667
0.970006
0.981257
0.986349
0.973409
0.988464
0.970162
0.980982
0.986855
0.973159
0.988253
0.97035
0.980707
0.987324
0.972913
0.988035
0.970571
0.980432
0.987757
0.972671
0.98781
0.970826
0.980157
0.988152
0.972433
0.98758
0.971675
0.979882
0.988509
0.9722
0.987345
0.972066
0.979607
0.988828
0.971972
0.987105
0.972493
0.979331
0.989109
0.97175
0.986861
0.972954
0.979056
0.989354
0.971534
0.986613
0.973449
0.978781
0.989563
0.971326
0.986361
0.973977
0.978506
0.989738
0.971126
0.986107
0.974536
0.978232
0.989879
0.970934
0.98585
0.975125
0.977957
0.989988
0.970751
0.985591
0.975741
0.977683
0.990067
0.970579
0.98533
0.976381
0.97741
0.990118
0.970418
0.985066
0.977043
0.977136
0.990141
0.970269
0.984801

0.0824421
0.918885
0.995029
0.995034
0.995035
0.995035
0.995035
0.995035
0.995035
0.995035
0.995035
0.995035
0.995035
0.995035
0.995035
0.995035
0.995035
0.995035
0.995035
0.995035
0.995035
0.995035
0.995035
0.995035
0.995035
0.995035
0.995035
0.995035
0.995035
0.995035
0.995035
0.995035
0.995035
0.995035
0.995035
0.995035
0.995035
0.995035
0.995035
0.995035
0.995035
0.995035
0.995035
0.995035
0.995035
0.995035
0.995035
0.995035
0.995035
0.995035
0.995035
0.995035
0.995035
0.995035
0.995035
0.995035
0.995035
0.995035
0.995035
0.995035
0.995035
0.995035
0.995035
0.995035
0.995035
0.995035
0.995035
0.995035
0.995035
0.995035
0.995035
0.995035
0.995035
0.995035
0.995035
0.995035
0.995035
0.995035
0.995035
0.995035
0.995035
0.995035
0.995035
0.995035
0.995035
0.995035
0.995035
0.995035
0.995035
0.995035
0.995035
0.995035
0.995035
0.995035
0.995035
0.995035
0.995035
0.995035
0.995035
0.995035
0.995035

0.0762979
0.689693
0.982717
0.987349
0.972875
0.993373
0.977903
0.982596
0.987195
0.97289
0.993361
0.97776
0.984569
0.987041
0.972909
0.993345
0.977618
0.984843
0.986888
0.972934
0.993324
0.977476
0.985116
0.986733
0.973274
0.993299
0.977336
0.985388
0.986578
0.973335
0.993269
0.976187
0.985658
0.986423
0.973402
0.993235
0.976066
0.985926
0.986267
0.973474
0.993197
0.975947
0.986192
0.98441
0.973551
0.99124
0.962376
0.978402
0.955978
0.870985
0.680354
0.87702
0.979188
0.983591
0.973245
0.993058
0.976522
0.985142
0.985638
0.97331
0.993003
0.976391
0.987229
0.98548
0.973381
0.992945
0.976261
0.98748
0.985322
0.973457
0.992883
0.976133
0.987728
0.985163
0.973538
0.992818
0.976006
0.987972
0.985004
0.974241
0.992749
0.975881
0.988212
0.984845
0.974361
0.992677
0.974945
0.988448
0.984685
0.974486
0.992601
0.974842
0.98868
0.984526
0.974618
0.992523
0.974741
0.988907
0.982757
0.974754
0.992441

0.0282982
0.922286
0.977642
0.981345
0.988042
0.996668
0.992943
0.977724
0.981158
0.989523
0.9965
0.993472
0.977822
0.980973
0.989307
0.996326
0.993975
0.977941
0.980789
0.98909
0.996148
0.994451
0.978083
0.980607
0.988874
0.995965
0.994897
0.978249
0.981431
0.988657
0.995778
0.995314
0.97844
0.981226
0.988441
0.995587
0.9957
0.978656
0.981023
0.988225
0.995393
0.996054
0.978898
0.980821
0.988008
0.995196
0.996377
0.979167
0.980621
0.987792
0.994996
0.996669
0.979464
0.980424
0.987576
0.994795
0.99693
0.979788
0.98023
0.98736
0.994591
0.997161
0.979319
0.980038
0.987143
0.994385
0.997362
0.979639
0.97985
0.986927
0.994178
0.997535
0.979989
0.979665
0.986711
0.993969
0.99768
0.980366
0.979484
0.986495
0.993759
0.997798
0.980771
0.979307
0.986278
0.993548
0.997892
0.981204
0.979135
0.986062
0.993336
0.997961
0.981662
0.978969
0.985846
0.993123
0.998007
0.982145
0.978807
0.98563
0.99291

0.00476169
0.896683
0.985966
0.980334
0.985584
0.987753
0.9852
0.993645
0.98481
0.995526
0.98441
0.995149
0.983994
0.994097
0.983557
0.992979
0.98309
0.991963
0.981225
0.991074
0.980718
0.990301
0.980158
0.987839
0.979532
0.987263
0.936047
0.895873
0.229037
0.985794
0.977978
0.987524
0.976821
0.987092
0.975676
0.986681
0.974982
0.986284
0.97591
0.985896
0.981582
0.985512
0.989142
0.985127
0.994279
0.984735
0.995563
0.984333
0.994974
0.983914
0.993883
0.983472
0.992778
0.982998
0.991786
0.981133
0.99092
0.980617
0.990167
0.980046
0.987725
0.979405
0.987161
0.973732
0.920271
0.587707
0.955891
0.977767
0.987441
0.976598
0.987013
0.975488
0.986605
0.974981
0.98621
0.976422
0.985824
0.98294
0.98544
0.990427
0.985054
0.994765
0.984661
0.995537
0.984256
0.994784
0.983833
0.993669
0.983385
0.992581
0.982905
0.991613
0.981039
0.990771
0.980514
0.990036
0.979931
0.987614
0.979276
0.987061
0.978534

0.0558646
0.910962
0.979539
0.97146
0.978288
0.973995
0.990014
0.972223
0.968476
0.996882
0.969507
0.963606
0.994211
0.980322
0.959691
0.98957
0.984319
0.959077
0.984188
0.979524
0.972781
0.978292
0.973384
0.987493
0.973369
0.967412
0.990173
0.977195
0.961607
0.989349
0.987602
0.956793
0.986892
0.985474
0.959004
0.982866
0.979386
0.976185
0.978036
0.973154
0.980674
0.977125
0.966914
0.980554
0.982295
0.960724
0.980875
0.991009
0.957404
0.980801
0.985638
0.958324
0.979189
0.973588
0.965935
0.965829
0.957446
0.964243
0.957375
0.919287
0.84171
0.841331
0.80419
0.860284
0.985751
0.964305
0.957931
0.985753
0.979396
0.96799
0.979825
0.974847
0.975825
0.973939
0.969318
0.994506
0.968524
0.96442
0.997717
0.967807
0.960824
0.991317
0.979327
0.959171
0.98588
0.983196
0.962505
0.980236
0.977997
0.978671
0.974552
0.96913
0.993854
0.970802
0.963551
0.99426
0.977399
0.958694
0.991121
0.987293
0.956172

0.0396386
0.9541
0.983255
0.986875
0.993991
0.982404
0.989618
0.990464
0.986533
0.993349
0.981675
0.989292
0.995413
0.986176
0.992772
0.980867
0.988974
0.997843
0.985799
0.992249
0.979988
0.988661
0.99829
0.985399
0.991772
0.979077
0.988351
0.997782
0.98497
0.991333
0.978249
0.988041
0.996944
0.984507
0.990924
0.97778
0.987729
0.996052
0.984002
0.990541
0.978247
0.987412
0.995209
0.983447
0.990179
0.980533
0.987089
0.994442
0.982834
0.989833
0.985123
0.986755
0.993753
0.982153
0.9895
0.992473
0.986408
0.993136
0.981395
0.989177
0.996573
0.986044
0.992579
0.98056
0.988861
0.998172
0.985659
0.992074
0.979663
0.98855
0.998176
0.98525
0.991611
0.978762
0.98824
0.997501
0.984809
0.991184
0.978018
0.98793
0.996624
0.984332
0.990785
0.977798
0.987617
0.995743
0.98381
0.99041
0.978807
0.987298
0.994926
0.983236
0.990054
0.981926
0.986971
0.994187
0.982599
0.989713
0.987129
0.986632
0.993525

0.0301568
0.962355
0.997467
0.997468
0.997468
0.997468
0.997468
0.997468
0.997468
0.997468
0.997468
0.995515
0.995515
0.995515
0.995515
0.995515
0.995515
0.995515
0.989633
0.989633
0.979846
0.966192
0.682993
0.948573
0.367421
0.87397
0.979754
0.997468
0.997468
0.997468
0.997468
0.997468
0.997468
0.997468
0.997468
0.997468
0.997468
0.997468
0.997468
0.997468
0.997468
0.997468
0.997468
0.997468
0.997468
0.997468
0.997468
0.997468
0.997468
0.997468
0.997468
0.997468
0.997468
0.997468
0.997468
0.997468
0.997468
0.997468
0.997468
0.997468
0.997468
0.997468
0.997468
0.997468
0.997468
0.997468
0.997468
0.997468
0.997468
0.997468
0.997468
0.997468
0.997468
0.997468
0.997468
0.997468
0.997468
0.997468
0.997468
0.997468
0.997468
0.997468
0.997468
0.997468
0.997468
0.997468
0.997468
0.997468
0.997468
0.997468
0.997468
0.997468
0.997468
0.997468
0.997468
0.997468
0.997468
0.997468
0.997468
0.997468
0.997468

0.125751
0.974092
0.987359
0.980028
0.989987
0.98688
0.97825
0.989341
0.986328
0.997586
0.988812
0.985641
0.9951
0.988345
0.984709
0.992548
0.987906
0.98207
0.991105
0.987467
0.979916
0.990167
0.98547
0.977359
0.987802
0.984977
0.995024
0.987281
0.984377
0.988189
0.981315
0.978329
0.975791
0.251184
0.974586
0.989248
0.987573
0.981574
0.990361
0.987115
0.977993
0.989629
0.986603
0.987491
0.989053
0.98599
0.996889
0.988562
0.985194
0.993568
0.988114
0.984052
0.991704
0.987678
0.982197
0.990572
0.987227
0.978917
0.989786
0.986732
0.982625
0.989181
0.986149
0.997682
0.988674
0.985407
0.994202
0.988218
0.984369
0.992059
0.987782
0.98157
0.9908
0.987337
0.979065
0.989952
0.985337
0.978679
0.987643
0.984819
0.99776
0.987147
0.984176
0.993038
0.98671
0.978075
0.984915
0.980819
0.314806
0.799926
0.985107
0.980697
0.99013
0.986976
0.977336
0.989453
0.986441
0.995807
0.988906
0.985786
0.995784

0.0246851
0.967973
0.975137
0.968828
0.993559
0.983161
0.956328
0.974634
0.967606
0.967831
0.990491
0.979787
0.972035
0.969675
0.960438
0.98097
0.983161
0.974905
0.988075
0.965544
0.955407
0.98108
0.975602
0.978349
0.988624
0.962841
0.967186
0.973778
0.968151
0.991851
0.985478
0.962516
0.974635
0.965034
0.965114
0.989263
0.980714
0.974669
0.97126
0.957864
0.976846
0.981797
0.975084
0.991333
0.968287
0.953149
0.978402
0.971965
0.975326
0.991148
0.966748
0.962343
0.971453
0.963981
0.987867
0.986604
0.962949
0.972263
0.959385
0.951676
0.980367
0.971762
0.961457
0.964008
0.943725
0.796784
0.980363
0.933081
0.962135
0.957383
0.947574
0.975274
0.965313
0.973887
0.990498
0.965437
0.964372
0.968448
0.96387
0.987253
0.985025
0.970338
0.976623
0.9616
0.960639
0.986375
0.978748
0.978354
0.976043
0.955792
0.972282
0.978903
0.972434
0.994175
0.976293
0.953193
0.976824
0.971246
0.97146
0.992711
0.975267

0.149827
0.976382
0.989014
0.978171
0.972602
0.990297
0.979567
0.97133
0.991308
0.980955
0.971255
0.991735
0.982341
0.971933
0.99108
0.983732
0.973025
0.988801
0.985134
0.97432
0.984809
0.986549
0.975699
0.979957
0.987962
0.977103
0.975636
0.989335
0.978505
0.972752
0.990572
0.979899
0.971382
0.991479
0.981286
0.971152
0.991699
0.982672
0.971644
0.990699
0.984066
0.972545
0.987988
0.985471
0.973657
0.983677
0.986887
0.974872
0.978829
0.988296
0.976131
0.974802
0.989648
0.977408
0.972298
0.990829
0.978693
0.97124
0.991612
0.979986
0.971218
0.991593
0.975705
0.959168
0.982285
0.967431
0.959635
0.955511
0.917145
0.830812
0.975445
0.362762
0.924996
0.949714
0.971107
0.958691
0.94782
0.9822
0.970505
0.959309
0.983338
0.972085
0.967374
0.989791
0.981948
0.971687
0.991409
0.983337
0.972688
0.989632
0.984735
0.97394
0.986083
0.986147
0.975303
0.97981
0.987563
0.976704
0.975584
0.988954
0.978109

