0.0545836
0.0117156
0.0301391
0.0261527
0.00180944
0.000812209
0.0411881
0.0454322
0.0979943
0.125297
0.101969
0.0739924
0.0129221
0.000730726
0.0341419
0.0402457
0.0269984
0.00409126
0.00519737
0.0150456
0.000405193
0.0265933
0.0133133
0.0214545
0.0334353
0.0304447
0.040356
0.0215017
0.0216275
0.0903521
0.0991252
0.0748671
0.088533
0.0510335
0.0240665
0.0129812
0.0320019
0.0530731
0.016508
0.000605663
0.0647965
0.0784071
0.0478806
0.111474
0.131995
0.143837
0.103667
0.111317
0.15427
0.145116
0.170426
0.178841
0.184513
0.210022
0.248799
0.213434
0.225502
0.186237
0.122746
0.128317
0.155298
0.181587
0.162081
0.14674
0.172662
0.13116
0.0912872
0.0537145
0.00241337
0.00893004
0.00368962
0.0379195
0.0514861
0.0525667
0.0208172
0.0159316
0.0204922
0.022825
0.00273835
0.0146583
0.0245565
0.0159113
0.0579352
0.0713204
0.063066
0.0736408
0.0652332
0.0390184
0.0069178
0.0118838
0.0980768
0.097393
0.0690016
0.0688579
0.0232529
0.0333883
0.0343541
0.0105461
0.015356
0.011417
0.00230829

0.153821
0.214501
0.187864
0.215272
0.137401
0.12129
0.133349
0.0843473
0.155354
0.155016
0.0797554
0.0739374
0.0613134
0.223158
0.166097
0.143037
0.00199988
0.0375467
0.032228
0.0648147
0.0742083
0.488381
0.546603
0.555006
0.696333
0.70082
0.759605
0.708575
0.728899
0.727251
0.670269
0.6722
0.441551
0.397453
0.377658
0.348062
0.172323
0.275642
0.198015
0.143397
0.00429163
0.142335
0.239979
0.233583
0.241771
0.4741
0.585975
0.56474
0.488383
0.611271
0.630325
0.614843
0.61345
0.507015
0.515279
0.677129
0.622506
0.571418
0.6886
0.569794
0.715598
0.639712
0.678881
0.710611
0.709399
0.674267
0.661561
0.599727
0.558363
0.704731
0.779296
0.763686
0.651916
0.638511
0.603955
0.729373
0.745252
0.734144
0.759976
0.70054
0.749497
0.699042
0.626621
0.745776
0.785481
0.751268
0.804639
0.726372
0.746578
0.780431
0.734705
0.765057
0.739127
0.770913
0.794503
0.8054
0.765927
0.744972
0.727203
0.70455
0.712289

0.027767
0.00256455
0.0225239
0.0895014
0.289355
0.356101
0.488675
0.618304
0.819157
0.849492
0.840375
0.814743
0.756562
0.823731
0.839612
0.853008
0.808762
0.814529
0.806536
0.804734
0.860664
0.840946
0.834191
0.826623
0.813658
0.777948
0.825542
0.854452
0.818471
0.830219
0.828949
0.806405
0.827974
0.85931
0.837427
0.787345
0.825104
0.827385
0.786581
0.854137
0.839283
0.842538
0.814195
0.83732
0.809705
0.818863
0.877486
0.810489
0.809787
0.780748
0.839889
0.842242
0.859462
0.84296
0.781578
0.843388
0.820655
0.845991
0.811523
0.826819
0.817378
0.826614
0.841493
0.808113
0.849896
0.822653
0.869527
0.815005
0.797608
0.808512
0.836702
0.840959
0.835945
0.837015
0.803506
0.822356
0.851052
0.847977
0.818912
0.833321
0.801481
0.80454
0.832153
0.852802
0.840314
0.823018
0.811861
0.820541
0.836066
0.866376
0.84186
0.760397
0.821174
0.82041
0.836381
0.869232
0.81941
0.798342
0.829696
0.863294
0.810395

0.10969
0.180462
0.235713
0.144879
0.435954
0.882693
0.889745
0.887206
0.895928
0.889498
0.937196
0.885833
0.894527
0.8905
0.889591
0.884937
0.875224
0.863467
0.84787
0.872108
0.812256
0.814286
0.795485
0.674477
0.745159
0.668611
0.537833
0.422219
0.0143201
0.0427723
0.234131
0.219707
0.228205
0.739295
0.835948
0.887312
0.84062
0.608245
0.0548138
0.0878858
0.4174
0.480167
0.638796
0.659378
0.786227
0.778945
0.792276
0.838173
0.901243
0.900426
0.889288
0.902707
0.904829
0.924869
0.908955
0.919197
0.900321
0.895719
0.953931
0.898776
0.918173
0.903553
0.890406
0.956997
0.907465
0.930556
0.931167
0.933706
0.947035
0.934756
0.918822
0.915146
0.934476
0.931104
0.955078
0.912873
0.914034
0.936645
0.922824
0.942908
0.921742
0.923341
0.930331
0.937057
0.91704
0.925646
0.918252
0.907942
0.977415
0.929117
0.935017
0.928236
0.913081
0.965217
0.918068
0.933471
0.928014
0.928727
0.936678
0.935881
0.924226

0.0371327
0.0633715
0.136414
0.283429
0.584714
0.64579
0.612778
0.894796
0.893854
0.833861
0.761295
0.677054
0.630945
0.367373
0.129667
0.236999
0.518524
0.748514
0.957558
0.950733
0.837105
0.894382
0.986468
0.938088
0.761286
0.308845
0.128813
0.355965
0.467206
0.710343
0.788427
0.906971
0.925233
0.916574
0.92237
0.94006
0.937157
0.935592
0.965867
0.975118
0.974511
0.973936
0.979557
0.978891
0.978019
0.976687
0.974151
0.972186
0.990533
0.986701
0.986279
0.984975
0.984131
0.983492
0.982946
0.982428
0.981885
0.981252
0.980422
0.97915
0.976734
0.972036
0.992634
0.988569
0.986188
0.984921
0.984092
0.983461
0.982918
0.9824
0.981854
0.981214
0.980368
0.979059
0.97654
0.971982
0.992611
0.988389
0.986101
0.984869
0.984055
0.98343
0.98289
0.982372
0.981822
0.981175
0.980312
0.978965
0.976337
0.972061
0.992494
0.988216
0.986017
0.984817
0.984017
0.983399
0.982862
0.982343
0.98179
0.981135
0.980256

0.0897311
0.272207
0.672107
0.892294
0.921505
0.943717
0.972739
0.936551
0.978359
0.939876
0.954168
0.943545
0.941377
0.950864
0.962074
0.953509
0.970959
0.939624
0.952051
0.946209
0.938034
0.961799
0.948392
0.968201
0.963922
0.952363
0.946756
0.938127
0.946214
0.973548
0.948254
0.979837
0.954294
0.963491
0.954275
0.944361
0.938604
0.95931
0.943311
0.978173
0.940977
0.962769
0.948561
0.942143
0.935419
0.938358
0.935285
0.985331
0.94998
0.968673
0.947182
0.947316
0.95013
0.934257
0.954865
0.966839
0.960282
0.966264
0.94913
0.946428
0.960292
0.931349
0.964426
0.948493
0.967758
0.958364
0.947418
0.954345
0.958116
0.931957
0.968564
0.940085
0.97434
0.958602
0.958245
0.948835
0.941631
0.931291
0.960488
0.937575
0.972312
0.943244
0.954703
0.947039
0.931261
0.92818
0.956416
0.952026
0.975748
0.953814
0.960251
0.963622
0.938661
0.954726
0.915849
0.952889
0.962048
0.961393
0.954681
0.952319
0.932869

0.0161705
0.0670007
0.424888
0.960239
0.977424
0.983245
0.984251
0.974154
0.991435
0.980172
0.9712
0.988342
0.977853
0.97625
0.985227
0.975232
0.991104
0.981003
0.972145
0.989609
0.978708
0.972057
0.984474
0.976235
0.987981
0.981855
0.973282
0.990806
0.979539
0.970926
0.98741
0.977171
0.981509
0.982747
0.974411
0.991515
0.980364
0.971383
0.986755
0.978055
0.974953
0.983696
0.970443
0.988758
0.975685
0.967853
0.987994
0.973548
0.968145
0.979024
0.971322
0.984704
0.976494
0.968783
0.989114
0.974315
0.96699
0.980096
0.972155
0.977463
0.977348
0.969736
0.989587
0.975084
0.959111
0.971606
0.963811
0.953545
0.955398
0.949084
0.972607
0.953301
0.947419
0.95924
0.951497
0.949125
0.956294
0.933196
0.953841
0.936995
0.911947
0.921796
0.760048
0.726514
0.76216
0.630714
0.352048
0.0586865
0.817156
0.801808
0.935878
0.377947
0.422034
0.17616
0.431199
0.472789
0.745835
0.721157
0.754809
0.812764
0.835975

0.0986482
0.588671
0.963879
0.965804
0.978517
0.962639
0.960154
0.987113
0.952368
0.976457
0.977816
0.950409
0.981787
0.967014
0.966959
0.973937
0.967053
0.966472
0.966105
0.981676
0.95738
0.973859
0.975142
0.950053
0.987357
0.963673
0.963737
0.981072
0.956722
0.972136
0.971942
0.971346
0.964706
0.970892
0.971679
0.956375
0.988073
0.96109
0.961212
0.985502
0.950602
0.977417
0.975502
0.95949
0.973025
0.968286
0.969577
0.964494
0.981584
0.961427
0.961976
0.985766
0.949512
0.979757
0.975543
0.951267
0.981072
0.964672
0.968555
0.972728
0.969378
0.965005
0.965756
0.981287
0.952609
0.977825
0.972739
0.949384
0.987251
0.960093
0.966594
0.979668
0.957257
0.970703
0.970157
0.972958
0.958457
0.973378
0.96968
0.952664
0.989181
0.956715
0.963348
0.983849
0.949955
0.976682
0.972682
0.962787
0.965709
0.965296
0.965282
0.950656
0.98232
0.949545
0.955112
0.982253
0.94234
0.97503
0.966683
0.949802
0.963856

0.0246114
0.418447
0.94654
0.977325
0.968898
0.981719
0.97251
0.986407
0.976838
0.980686
0.980189
0.969897
0.984108
0.975174
0.9886
0.978741
0.968228
0.982222
0.973175
0.987121
0.977278
0.976232
0.980619
0.970685
0.984725
0.975679
0.987893
0.979154
0.968156
0.982728
0.973795
0.987803
0.977707
0.972371
0.981059
0.970644
0.98538
0.976161
0.986
0.979568
0.968498
0.983261
0.973236
0.988366
0.978128
0.969795
0.981515
0.971277
0.986069
0.975293
0.982685
0.979987
0.969046
0.983826
0.973733
0.988645
0.977082
0.968498
0.981988
0.971879
0.98678
0.975707
0.978356
0.978843
0.969679
0.984426
0.974205
0.988352
0.97747
0.964382
0.975277
0.967558
0.985665
0.970865
0.971602
0.9738
0.965749
0.977658
0.969534
0.985239
0.972488
0.956491
0.966339
0.959259
0.980572
0.962121
0.961304
0.964877
0.95778
0.968764
0.948159
0.967146
0.913317
0.860958
0.719489
0.230735
0.719321
0.5307
0.760198
0.858007
0.920162

0.152146
0.845351
0.98886
0.989745
0.989816
0.989822
0.989823
0.989823
0.989823
0.989823
0.989823
0.989823
0.989823
0.989823
0.989823
0.989823
0.989823
0.989823
0.989823
0.989823
0.988013
0.988013
0.988013
0.988013
0.982304
0.982304
0.982304
0.982304
0.959294
0.959294
0.942084
0.632698
0.583652
0.958157
0.987726
0.989823
0.989823
0.989823
0.989823
0.989823
0.989823
0.989823
0.989823
0.989823
0.989823
0.989823
0.989823
0.989823
0.989823
0.989823
0.989823
0.989823
0.989823
0.989823
0.989823
0.989823
0.989823
0.989823
0.989823
0.989823
0.989823
0.989823
0.989823
0.989823
0.989823
0.989823
0.989823
0.989823
0.989823
0.989823
0.989823
0.989823
0.989823
0.989823
0.989823
0.989823
0.989823
0.989823
0.989823
0.989823
0.989823
0.989823
0.989823
0.989823
0.989823
0.989823
0.989823
0.989823
0.989823
0.989823
0.989823
0.988013
0.988013
0.988013
0.982304
0.982304
0.982304
0.972719
0.959294
0.959294
0.921155

0.110348
0.878035
0.990634
0.990802
0.990804
0.990804
0.990804
0.990804
0.990804
0.990804
0.990804
0.990804
0.990804
0.990804
0.990804
0.990804
0.990804
0.990804
0.990804
0.990804
0.990804
0.990804
0.990804
0.990804
0.990804
0.990804
0.990804
0.990804
0.990804
0.990804
0.990804
0.990804
0.990804
0.990804
0.990804
0.990804
0.990804
0.990804
0.990804
0.990804
0.990804
0.990804
0.990804
0.990804
0.990804
0.990804
0.990804
0.990804
0.990804
0.990804
0.990804
0.990804
0.990804
0.990804
0.990804
0.990804
0.990804
0.990804
0.990804
0.990804
0.990804
0.990804
0.990804
0.990804
0.990804
0.990804
0.990804
0.990804
0.990804
0.990804
0.990804
0.990804
0.990804
0.990804
0.990804
0.990804
0.990804
0.990804
0.990804
0.990804
0.990804
0.990804
0.990804
0.990804
0.990804
0.990804
0.990804
0.990804
0.990804
0.990804
0.990804
0.990804
0.990804
0.990804
0.990804
0.990804
0.990804
0.990804
0.990804
0.990804
0.990804

0.0947424
0.0805128
0.873787
0.058516
0.693355
0.953577
0.946515
0.968402
0.957568
0.976944
0.963443
0.977778
0.964221
0.97161
0.960751
0.962985
0.959943
0.957107
0.965743
0.954645
0.969449
0.954716
0.973002
0.956278
0.9762
0.961716
0.980826
0.964961
0.982863
0.968133
0.982978
0.970597
0.979812
0.972829
0.972768
0.971965
0.963769
0.970053
0.956297
0.968796
0.952223
0.969387
0.953072
0.971344
0.955084
0.973947
0.958148
0.976717
0.963556
0.979088
0.970072
0.980199
0.97674
0.978736
0.980958
0.973458
0.980156
0.964083
0.975326
0.952369
0.969691
0.948608
0.967669
0.948554
0.96801
0.951479
0.969869
0.956837
0.970376
0.964452
0.973268
0.973673
0.975312
0.980222
0.961157
0.979121
0.958355
0.968184
0.94015
0.932851
0.87815
0.8855
0.79446
0.800955
0.858025
0.939786
0.930976
0.950851
0.933865
0.960864
0.952663
0.962672
0.961102
0.970602
0.985605
0.974045
0.989104
0.972436
0.987397
0.967096
0.980852

0.0799615
0.898812
0.999301
0.990669
0.979482
0.986106
0.999383
0.991601
0.980511
0.984778
0.999232
0.99252
0.981111
0.983552
0.998914
0.993419
0.981778
0.982451
0.998424
0.994291
0.982505
0.98149
0.997759
0.995129
0.983283
0.980679
0.996922
0.995923
0.984103
0.980022
0.995922
0.996665
0.984959
0.97952
0.994776
0.997344
0.985843
0.979169
0.993506
0.997948
0.986751
0.978896
0.992138
0.998466
0.987675
0.978973
0.990706
0.998883
0.98861
0.979173
0.989244
0.999186
0.98955
0.979486
0.987787
0.999361
0.99049
0.9799
0.98637
0.999394
0.991424
0.980405
0.985024
0.999273
0.992345
0.98099
0.983778
0.998988
0.993249
0.981646
0.982652
0.998531
0.994127
0.982362
0.981663
0.997899
0.994972
0.98313
0.980127
0.997095
0.995775
0.983943
0.979591
0.996125
0.996528
0.984793
0.97921
0.995006
0.99722
0.985672
0.978981
0.993757
0.997839
0.986576
0.978897
0.992406
0.998374
0.987497
0.978948
0.990983
0.998811

0.0960809
0.912402
0.995833
0.995871
0.995872
0.995872
0.995872
0.995872
0.995872
0.995872
0.995872
0.995872
0.995872
0.995872
0.995872
0.995872
0.995872
0.995872
0.995872
0.995872
0.995872
0.995872
0.995872
0.995872
0.995872
0.995872
0.995872
0.995872
0.995872
0.995872
0.995872
0.995872
0.995872
0.995872
0.995872
0.995872
0.995872
0.995872
0.995872
0.995872
0.995872
0.995872
0.995872
0.995872
0.995872
0.995872
0.995872
0.995872
0.995872
0.995872
0.995872
0.995872
0.995872
0.995872
0.995872
0.995872
0.995872
0.995872
0.995872
0.995872
0.995872
0.995872
0.995872
0.995872
0.995872
0.995872
0.995872
0.995872
0.995872
0.995872
0.995872
0.995872
0.995872
0.995872
0.995872
0.995872
0.995872
0.995872
0.995872
0.995872
0.995872
0.995872
0.995872
0.995872
0.995872
0.995872
0.995872
0.995872
0.995872
0.995872
0.995872
0.995872
0.995872
0.995872
0.995872
0.995872
0.995872
0.995872
0.995872
0.995872
0.995872

0.00783932
0.166164
0.966533
0.980206
0.962457
0.967448
0.945682
0.956127
0.943107
0.95774
0.947306
0.960295
0.952613
0.953139
0.958151
0.951894
0.963763
0.950172
0.969399
0.949377
0.975046
0.950499
0.980598
0.960561
0.990956
0.962021
0.989237
0.95361
0.975511
0.946885
0.960239
0.949855
0.957633
0.955409
0.964602
0.961068
0.963633
0.966325
0.96146
0.971
0.956484
0.974898
0.952421
0.97782
0.953636
0.979474
0.962955
0.975835
0.958853
0.955563
0.949416
0.94623
0.9534
0.945834
0.95948
0.947837
0.964687
0.951316
0.968579
0.955942
0.970903
0.961472
0.962688
0.967768
0.962086
0.980695
0.968942
0.985361
0.959608
0.979068
0.944186
0.975625
0.94047
0.978129
0.943121
0.979871
0.947578
0.97596
0.952657
0.961374
0.958013
0.953067
0.963514
0.94846
0.969123
0.947245
0.974852
0.94897
0.986031
0.958605
0.98753
0.952987
0.973656
0.942369
0.958605
0.945029
0.957114
0.951162
0.955821
0.957361
0.954817

0.000462088
0.723158
0.987953
0.982523
0.977699
0.979051
0.992668
0.996867
0.992457
0.987014
0.9816
0.977143
0.98078
0.994593
0.996358
0.991525
0.98607
0.980695
0.976774
0.982976
0.995971
0.995688
0.990585
0.985127
0.979819
0.976655
0.985525
0.996801
0.99491
0.989641
0.984186
0.978988
0.977189
0.98823
0.997149
0.994062
0.988695
0.983248
0.978225
0.978052
0.990846
0.997108
0.99317
0.987749
0.982317
0.977562
0.979393
0.993141
0.996771
0.992251
0.986804
0.981397
0.977043
0.981231
0.994948
0.996221
0.991317
0.98586
0.980497
0.976723
0.983518
0.996201
0.995523
0.990375
0.984917
0.979629
0.976812
0.986121
0.996917
0.994727
0.98943
0.983977
0.978811
0.977342
0.988828
0.99717
0.993867
0.988485
0.98304
0.978067
0.978307
0.991391
0.997055
0.992967
0.987539
0.982111
0.977433
0.979759
0.993588
0.996664
0.992044
0.986594
0.981195
0.976713
0.981704
0.995275
0.996076
0.991108
0.98565
0.980301
0.976653

0.0598607
0.966036
0.964346
0.976088
0.987155
0.976527
0.98527
0.974485
0.979199
0.976593
0.960213
0.96739
0.957021
0.968237
0.96501
0.968859
0.978028
0.968191
0.976377
0.964955
0.976834
0.987221
0.977178
0.985694
0.971342
0.970154
0.972939
0.959681
0.968636
0.958961
0.969002
0.976693
0.969454
0.977851
0.968035
0.976908
0.97192
0.977651
0.987327
0.977575
0.983639
0.963373
0.962842
0.970971
0.960401
0.969385
0.957534
0.969699
0.980936
0.969919
0.977881
0.966511
0.977589
0.983509
0.978513
0.987619
0.975543
0.975966
0.956614
0.961024
0.970837
0.959104
0.970067
0.9581
0.96834
0.981002
0.968615
0.978107
0.966261
0.976724
0.989417
0.977876
0.985279
0.970443
0.961641
0.964392
0.958557
0.968384
0.95997
0.968421
0.95827
0.963331
0.972268
0.963597
0.970908
0.962491
0.972281
0.988628
0.972881
0.96578
0.937437
0.925137
0.917295
0.866897
0.874765
0.301617
0.849442
0.42346
0.90256
0.912291
0.920136

0.00417239
0.923447
0.983137
0.995268
0.971541
0.983023
0.973799
0.967893
0.979314
0.956702
0.974415
0.973036
0.978886
0.997275
0.977912
0.991256
0.98023
0.976576
0.986287
0.963547
0.975059
0.964317
0.965569
0.982141
0.969274
0.991738
0.984417
0.983088
0.994066
0.971205
0.982437
0.967424
0.964223
0.977576
0.956696
0.974298
0.971327
0.980927
0.997195
0.965334
0.94423
0.849509
0.0118992
0.981673
0.963276
0.976819
0.959113
0.967205
0.981236
0.969934
0.994352
0.980112
0.985766
0.991573
0.971778
0.984661
0.964476
0.970158
0.975756
0.958826
0.979006
0.970104
0.985748
0.995586
0.979369
0.993036
0.972641
0.978589
0.980801
0.963841
0.97768
0.958364
0.971148
0.981879
0.976322
0.996437
0.978585
0.986989
0.987734
0.971752
0.985075
0.961
0.970946
0.972206
0.959896
0.982788
0.970986
0.986996
0.992451
0.979382
0.99152
0.967194
0.973145
0.97507
0.953146
0.895604
0.661329
0.886691
0.973835
0.976866
0.997833

0.104108
0.996001
0.996137
0.996137
0.996137
0.996137
0.996137
0.996137
0.996137
0.996137
0.996137
0.996137
0.996137
0.996137
0.996137
0.996137
0.996137
0.996137
0.996137
0.996137
0.996137
0.996137
0.996137
0.996137
0.996137
0.996137
0.996137
0.996137
0.996137
0.996137
0.996137
0.996137
0.996137
0.996137
0.996137
0.996137
0.996137
0.996137
0.996137
0.996137
0.996137
0.996137
0.996137
0.996137
0.996137
0.996137
0.996137
0.996137
0.996137
0.996137
0.996137
0.996137
0.996137
0.994207
0.988354
0.988354
0.9786
0.964984
0.994136
0.988211
0.996137
0.996137
0.996137
0.996137
0.996137
0.996137
0.996137
0.996137
0.996137
0.996137
0.996137
0.996137
0.996137
0.996137
0.996137
0.996137
0.996137
0.996137
0.996137
0.996137
0.996137
0.996137
0.996137
0.996137
0.996137
0.996137
0.996137
0.996137
0.996137
0.996137
0.996137
0.996137
0.996137
0.996137
0.996137
0.996137
0.996137
0.996137
0.996137
0.996137
0.996137

0.0372408
0.997324
0.997544
0.997544
0.997544
0.997544
0.997544
0.997544
0.997544
0.997544
0.997544
0.997544
0.997544
0.997544
0.997544
0.997544
0.997544
0.997544
0.997544
0.997544
0.997544
0.997544
0.997544
0.997544
0.997544
0.997544
0.997544
0.997544
0.997544
0.997544
0.997544
0.997544
0.997544
0.997544
0.997544
0.997544
0.997544
0.997544
0.997544
0.997544
0.997544
0.997544
0.997544
0.997544
0.997544
0.997544
0.997544
0.997544
0.997544
0.997544
0.997544
0.997544
0.997544
0.997544
0.997544
0.997544
0.997544
0.997544
0.997544
0.997544
0.997544
0.997544
0.997544
0.997544
0.997544
0.997544
0.997544
0.997544
0.997544
0.997544
0.997544
0.997544
0.997544
0.997544
0.997544
0.997544
0.997544
0.997544
0.997544
0.997544
0.997544
0.997544
0.997544
0.997544
0.997544
0.997544
0.997544
0.997544
0.997544
0.997544
0.997544
0.997544
0.997544
0.997544
0.997544
0.997544
0.997544
0.997544
0.997544
0.997544
0.997544

0.0427196
0.812855
0.865847
0.994329
0.830125
0.699047
0.859413
0.940955
0.936223
0.925943
0.929341
0.97147
0.960757
0.962638
0.974785
0.965982
0.972747
0.955399
0.985402
0.974685
0.949426
0.97771
0.975905
0.96847
0.962809
0.961769
0.987822
0.961471
0.955672
0.986707
0.963593
0.97281
0.964266
0.97414
0.975212
0.950586
0.985021
0.977115
0.955556
0.967938
0.974678
0.984681
0.962603
0.953379
0.989584
0.963912
0.961274
0.97404
0.967255
0.975564
0.955408
0.982232
0.97773
0.951322
0.97586
0.978251
0.966774
0.964544
0.960578
0.990096
0.964514
0.951417
0.987561
0.966526
0.974308
0.962938
0.972522
0.978273
0.95257
0.981807
0.979917
0.956052
0.968267
0.975192
0.984523
0.968594
0.957881
0.993491
0.97005
0.966489
0.978486
0.972831
0.980814
0.960963
0.983023
0.982938
0.95818
0.979088
0.982578
0.970653
0.970246
0.96584
0.993584
0.970487
0.955682
0.989541
0.972592
0.977975
0.967317
0.975923
0.983527

