0.120757
0.0781573
0.0859045
0.0348332
0.0237345
0.0129299
0.0100035
0.0222259
0.0189617
0.0173704
0.00131738
0.032419
0.0365653
0.0346977
0.0409566
0.0159731
0.0194357
0.0335344
0.0207064
0.0718965
0.0188865
0.0491248
0.00914016
0.0257142
0.029923
0.0313664
0.00846926
0.0110547
0.0295701
0.0240876
0.0265641
0.0262626
0.000127663
0.000133185
0.00962992
0.00348257
0.0346855
0.0737791
0.0796107
0.0772523
0.0481384
0.0536079
0.0627836
0.0158773
0.043968
0.0369333
0.0007073
0.0502422
0.00724081
0.0214701
0.0465714
0.0606581
0.0329011
0.00130138
0.0029368
0.013165
0.0358438
0.0384116
0.081081
0.071189
0.0927848
0.0840136
0.121953
0.116727
0.162991
0.119803
0.104256
0.0494737
0.00842067
0.0038991
0.0380654
0.0108705
0.0431154
0.0636751
0.104577
0.0717591
0.0804436
0.0320084
0.000699054
0.0102953
0.0107825
0.0386048
0.0492015
0.095099
0.073885
0.0594154
0.00408576
0.0066617
0.0539487
0.0303015
0.0599534
0.0338125
0.0231633
0.0131848
0.0803996
0.114092
0.139768
0.126816
0.0493143
0.0591692
0.0093406

0.0496805
0.0288086
0.0135036
0.00177677
0.0462396
0.0897754
0.091178
0.0142362
0.0522457
0.0385415
0.0245729
0.0547046
0.169777
0.278584
0.370739
0.394732
0.449981
0.537725
0.58507
0.660991
0.663617
0.699379
0.651009
0.614038
0.572408
0.641696
0.687209
0.663331
0.688678
0.717833
0.754093
0.657823
0.643643
0.692414
0.679188
0.645658
0.643669
0.609336
0.494558
0.313988
0.104447
0.0911915
0.103424
0.0776515
0.0119892
0.0890876
0.113586
0.194743
0.467783
0.634688
0.7396
0.695922
0.721536
0.715381
0.800513
0.851302
0.825829
0.808069
0.803156
0.743172
0.577485
0.342081
0.109159
0.134309
0.352061
0.579705
0.623703
0.58493
0.695493
0.73572
0.735616
0.615439
0.579331
0.714629
0.709404
0.730074
0.722897
0.776555
0.781762
0.745047
0.764999
0.756382
0.742185
0.752132
0.748745
0.766736
0.719859
0.699694
0.712361
0.752247
0.823959
0.824795
0.832839
0.826122
0.850082
0.845177
0.810521
0.796001
0.820528
0.833463
0.814204

0.07656
0.185335
0.222849
0.339541
0.505867
0.598074
0.742836
0.770174
0.800682
0.865768
0.830651
0.853048
0.84183
0.823056
0.839396
0.835749
0.880321
0.823658
0.846006
0.820684
0.791468
0.899503
0.82646
0.859516
0.858824
0.781047
0.836384
0.827678
0.851903
0.865093
0.848647
0.836657
0.806906
0.812867
0.829142
0.865979
0.857601
0.819083
0.81167
0.800997
0.843146
0.859981
0.866621
0.838077
0.839605
0.843863
0.8297
0.853198
0.818056
0.84208
0.846385
0.848637
0.842583
0.798668
0.852984
0.81462
0.834918
0.873386
0.816329
0.816221
0.84894
0.846347
0.813187
0.842207
0.810473
0.799431
0.869966
0.840125
0.83339
0.834391
0.765144
0.834437
0.846464
0.856237
0.824408
0.835394
0.807926
0.805565
0.851074
0.798005
0.8517
0.85261
0.796036
0.837381
0.79112
0.813175
0.831641
0.847026
0.840006
0.786011
0.801721
0.817732
0.774351
0.828917
0.806302
0.771361
0.825071
0.826964
0.800219
0.790111
0.776871

0.0235073
0.155672
0.559191
0.784135
0.890211
0.958761
0.963452
0.949948
0.949685
0.960061
0.947233
0.931979
0.970034
0.967351
0.954888
0.94694
0.962498
0.950388
0.934106
0.969518
0.968597
0.956258
0.945304
0.96282
0.951165
0.939018
0.965038
0.9693
0.957154
0.94507
0.961792
0.95169
0.942219
0.959948
0.969861
0.95793
0.945956
0.959075
0.952128
0.94693
0.956112
0.970263
0.958683
0.946838
0.95446
0.952576
0.952756
0.954049
0.970289
0.959486
0.947823
0.94855
0.953137
0.958535
0.953737
0.969291
0.960401
0.948887
0.94306
0.953886
0.963235
0.95433
0.965918
0.961469
0.950018
0.938764
0.954758
0.966617
0.955412
0.95919
0.962677
0.951188
0.938123
0.955269
0.968976
0.956667
0.950787
0.963883
0.952351
0.93873
0.954335
0.970665
0.955584
0.943266
0.962643
0.950986
0.936022
0.938934
0.970175
0.95679
0.943357
0.956336
0.945793
0.929638
0.925632
0.965532
0.951899
0.937539
0.953803
0.94664
0.930284

0.0710007
0.209672
0.611454
0.814952
0.914419
0.96571
0.926265
0.938635
0.978924
0.953908
0.945513
0.958014
0.94569
0.947658
0.957942
0.951635
0.972256
0.943555
0.929588
0.96082
0.949436
0.94334
0.964457
0.9563
0.936947
0.946675
0.935805
0.967441
0.963228
0.934155
0.954656
0.964542
0.912884
0.932308
0.973994
0.928137
0.930775
0.935641
0.928657
0.893839
0.922601
0.916328
0.855942
0.764892
0.765653
0.712082
0.512679
0.270058
0.302942
0.636749
0.392537
0.658077
0.771465
0.850312
0.859418
0.893204
0.921017
0.925403
0.917175
0.930413
0.95349
0.944153
0.942909
0.934051
0.958961
0.949084
0.923949
0.967837
0.971121
0.933266
0.951927
0.960356
0.934022
0.959251
0.955667
0.957651
0.957013
0.935162
0.946677
0.962084
0.944939
0.948818
0.973578
0.944824
0.938325
0.953504
0.960854
0.958542
0.953608
0.948243
0.965166
0.941672
0.924385
0.979044
0.960912
0.936603
0.961638
0.955541
0.937282
0.958968
0.957456

0.0592028
0.15617
0.600749
0.875307
0.957977
0.970657
0.955591
0.958207
0.955886
0.981245
0.952434
0.958077
0.953
0.967479
0.972388
0.927371
0.963925
0.946508
0.988743
0.949716
0.958587
0.959056
0.967972
0.972286
0.943972
0.964675
0.957657
0.963107
0.946864
0.952313
0.964067
0.978608
0.945967
0.963709
0.947516
0.982638
0.963142
0.949781
0.958503
0.944104
0.981272
0.939836
0.96863
0.952395
0.971881
0.961706
0.950707
0.964853
0.967877
0.971214
0.944656
0.946312
0.961107
0.971214
0.957775
0.95931
0.94135
0.985034
0.952944
0.967842
0.953531
0.965529
0.97263
0.931131
0.96432
0.948231
0.985214
0.95034
0.948008
0.959609
0.97276
0.972625
0.954229
0.95165
0.965052
0.962605
0.952935
0.953321
0.958227
0.979227
0.943363
0.965962
0.948234
0.988519
0.963498
0.948537
0.958813
0.950654
0.98175
0.941931
0.961033
0.95324
0.967821
0.962473
0.954203
0.963607
0.976308
0.958089
0.955839
0.947288
0.965088

0.0135634
0.258921
0.819454
0.929769
0.962
0.972051
0.954265
0.95987
0.951008
0.960935
0.963725
0.947494
0.972621
0.968942
0.946784
0.962564
0.952137
0.971928
0.946472
0.953677
0.979488
0.966394
0.950399
0.962974
0.954527
0.975892
0.944352
0.943291
0.985483
0.960787
0.958739
0.962316
0.959579
0.969983
0.94114
0.95797
0.964188
0.95504
0.966512
0.961423
0.966975
0.95942
0.943022
0.968864
0.965195
0.937938
0.972377
0.960153
0.973316
0.954473
0.947025
0.97557
0.958984
0.940998
0.974253
0.963147
0.972955
0.952387
0.954132
0.978164
0.947307
0.954034
0.956046
0.970437
0.968368
0.951606
0.963891
0.976707
0.940514
0.963105
0.958801
0.953232
0.966936
0.952558
0.974195
0.969641
0.940698
0.968038
0.959359
0.95841
0.950925
0.956255
0.98179
0.957489
0.948957
0.969484
0.959451
0.958497
0.947623
0.962216
0.985747
0.946868
0.959666
0.969308
0.958844
0.958724
0.949574
0.95525
0.985779
0.943913
0.968916

0.0369592
0.166791
0.67422
0.972892
0.971142
0.991381
0.972401
0.987704
0.977197
0.982979
0.986441
0.978185
0.99223
0.973396
0.991791
0.972283
0.988128
0.976461
0.983443
0.985577
0.977392
0.991976
0.973669
0.992023
0.972207
0.988544
0.97578
0.982285
0.984682
0.9778
0.991658
0.973962
0.992224
0.968327
0.981376
0.954903
0.954613
0.965649
0.934612
0.837247
0.431076
0.869285
0.730654
0.971521
0.960578
0.984827
0.981184
0.979991
0.988844
0.975475
0.992521
0.972423
0.98973
0.973347
0.985284
0.980313
0.98045
0.99031
0.97587
0.99261
0.972594
0.990099
0.972998
0.985738
0.980986
0.980912
0.989729
0.976276
0.992655
0.972798
0.990454
0.972711
0.986188
0.98008
0.981375
0.989086
0.976692
0.992652
0.973032
0.990791
0.972949
0.986634
0.9792
0.981839
0.988384
0.977115
0.992599
0.97282
0.991108
0.972688
0.987074
0.978353
0.982303
0.987627
0.977546
0.992491
0.973037
0.991404
0.972484
0.987509
0.977548

0.0814118
0.454974
0.937897
0.976341
0.987131
0.968133
0.978655
0.988005
0.970001
0.980346
0.98539
0.972018
0.9821
0.977433
0.973933
0.983957
0.969785
0.975721
0.985881
0.967417
0.977425
0.987562
0.968582
0.979099
0.98779
0.970536
0.9808
0.983741
0.972536
0.98258
0.975026
0.974416
0.984463
0.968235
0.976177
0.986374
0.967561
0.977867
0.98785
0.969068
0.979543
0.987273
0.971071
0.981261
0.980075
0.970564
0.981183
0.966945
0.97257
0.983144
0.963662
0.974433
0.98505
0.964483
0.976216
0.986224
0.959916
0.972118
0.969454
0.962505
0.973997
0.963276
0.964843
0.975952
0.944855
0.957008
0.917026
0.862384
0.467389
0.979804
0.220453
0.827558
0.956289
0.927181
0.949841
0.967012
0.944194
0.974407
0.976918
0.972581
0.982032
0.969513
0.974217
0.985986
0.967258
0.975799
0.987632
0.967968
0.977374
0.987709
0.969578
0.978991
0.983341
0.971327
0.982681
0.974542
0.97302
0.98457
0.968458
0.974638
0.986475

0.140214
0.852466
0.997996
0.998167
0.998168
0.998168
0.998168
0.998168
0.998168
0.998168
0.998168
0.998168
0.998168
0.998168
0.998168
0.998168
0.998168
0.998168
0.998168
0.998168
0.998168
0.998168
0.998168
0.998168
0.998168
0.998168
0.998168
0.998168
0.998168
0.998168
0.998168
0.998168
0.998168
0.998168
0.998168
0.998168
0.998168
0.998168
0.998168
0.998168
0.998168
0.998168
0.998168
0.998168
0.998168
0.998168
0.998168
0.998168
0.998168
0.998168
0.998168
0.998168
0.998168
0.998168
0.998168
0.998168
0.998168
0.998168
0.998168
0.998168
0.998168
0.998168
0.998168
0.998168
0.998168
0.998168
0.998168
0.998168
0.998168
0.998168
0.998168
0.998168
0.998168
0.998168
0.998168
0.998168
0.998168
0.998168
0.998168
0.998168
0.998168
0.998168
0.998168
0.9962
0.9903
0.9903
0.980492
0.949321
0.903179
0.586727
0.367429
0.990294
0.534864
0.90316
0.966803
0.990294
0.990294
0.996197
0.998168
0.998168
0.998168

0.0425278
0.721793
0.994877
0.991203
0.990856
0.990823
0.990819
0.990819
0.990819
0.990819
0.990819
0.990819
0.990819
0.990819
0.990819
0.990819
0.990819
0.990819
0.990819
0.990819
0.990819
0.990819
0.990819
0.990819
0.990819
0.990819
0.990819
0.990819
0.990819
0.990819
0.990819
0.990819
0.990819
0.990819
0.990819
0.990819
0.990819
0.990819
0.990819
0.990819
0.990819
0.990819
0.990819
0.990819
0.990819
0.990819
0.990819
0.990819
0.990819
0.990819
0.990819
0.990819
0.990819
0.990819
0.990819
0.990819
0.990819
0.990819
0.990819
0.990819
0.990819
0.990819
0.990819
0.990819
0.990819
0.990819
0.990819
0.990819
0.990819
0.990819
0.990819
0.990819
0.990819
0.990819
0.990819
0.990819
0.990819
0.990819
0.990819
0.990819
0.990819
0.990819
0.990819
0.990819
0.990819
0.990819
0.990819
0.990819
0.990819
0.990819
0.990819
0.990819
0.990819
0.990819
0.990819
0.990819
0.990819
0.990819
0.990819
0.990819
0.990819

0.19719
0.958508
0.987389
0.987288
0.987279
0.987278
0.987278
0.987278
0.987278
0.987278
0.987278
0.987278
0.987278
0.987278
0.987278
0.987278
0.987278
0.987278
0.987278
0.987278
0.987278
0.987278
0.987278
0.987278
0.987278
0.987278
0.987278
0.987278
0.987278
0.987278
0.987278
0.987278
0.987278
0.987278
0.987278
0.987278
0.987278
0.987278
0.987278
0.987278
0.987278
0.987278
0.987278
0.987278
0.987278
0.987278
0.987278
0.987278
0.987278
0.987278
0.987278
0.987278
0.987278
0.987278
0.987278
0.987278
0.987278
0.985194
0.985194
0.955724
0.955724
0.955724
0.955724
0.955724
0.917153
0.832429
0.57856
0.677413
0.527186
0.894236
0.956798
0.970195
0.979764
0.979764
0.979764
0.979764
0.979764
0.979764
0.979764
0.979764
0.979764
0.979764
0.979764
0.979764
0.979764
0.985465
0.985465
0.985465
0.985465
0.985465
0.985465
0.985465
0.985465
0.987278
0.987278
0.987278
0.987278
0.987278
0.987278
0.987278
0.987278

0.000413844
0.576588
0.99248
0.995201
0.995204
0.995204
0.995204
0.995204
0.995204
0.995204
0.995204
0.995204
0.995204
0.995204
0.995204
0.995204
0.995204
0.995204
0.995204
0.995204
0.995204
0.995204
0.995204
0.995204
0.995204
0.995204
0.995204
0.995204
0.995204
0.995204
0.995204
0.995204
0.995204
0.995204
0.995204
0.995204
0.995204
0.995204
0.995204
0.995204
0.995204
0.995204
0.995204
0.995204
0.995204
0.995204
0.995204
0.995204
0.995204
0.995204
0.995204
0.995204
0.995204
0.995204
0.995204
0.995204
0.995204
0.995204
0.995204
0.995204
0.995204
0.995204
0.995204
0.995204
0.995204
0.995204
0.995204
0.995204
0.995204
0.995204
0.995204
0.995204
0.995204
0.995204
0.995204
0.995204
0.995204
0.995204
0.995204
0.995204
0.995204
0.995204
0.995204
0.995204
0.995204
0.995204
0.995204
0.995204
0.995204
0.995204
0.995204
0.995204
0.995204
0.995204
0.995204
0.995204
0.995204
0.995204
0.995204
0.995204
0.995204

0.00958468
0.187886
0.994676
0.998057
0.998057
0.998057
0.998057
0.998057
0.998057
0.998057
0.998057
0.998057
0.998057
0.998057
0.998057
0.998057
0.998057
0.998057
0.998057
0.998057
0.998057
0.998057
0.998057
0.998057
0.998057
0.998057
0.998057
0.998057
0.998057
0.998057
0.998057
0.998057
0.998057
0.998057
0.998057
0.998057
0.998057
0.998057
0.998057
0.998057
0.998057
0.998057
0.998057
0.998057
0.998057
0.998057
0.998057
0.998057
0.998057
0.998057
0.998057
0.998057
0.998057
0.998057
0.998057
0.998057
0.998057
0.998057
0.998057
0.998057
0.998057
0.998057
0.998057
0.998057
0.998057
0.998057
0.998057
0.998057
0.998057
0.998057
0.998057
0.998057
0.998057
0.998057
0.998057
0.998057
0.998057
0.998057
0.998057
0.998057
0.998057
0.998057
0.998057
0.998057
0.998057
0.998057
0.998057
0.998057
0.998057
0.998057
0.998057
0.998057
0.998057
0.998057
0.998057
0.998057
0.998057
0.998057
0.998057
0.998057
0.998057

0.0522539
0.953538
0.99943
0.999431
0.999431
0.999431
0.999431
0.999431
0.999431
0.999431
0.999431
0.999431
0.999431
0.999431
0.999431
0.999431
0.999431
0.999431
0.999431
0.999431
0.999431
0.999431
0.999431
0.999431
0.999431
0.999431
0.999431
0.999431
0.999431
0.999431
0.999431
0.999431
0.999431
0.999431
0.999431
0.999431
0.999431
0.999431
0.999431
0.999431
0.999431
0.999431
0.999431
0.999431
0.999431
0.999431
0.999431
0.999431
0.999431
0.999431
0.999431
0.999431
0.999431
0.999431
0.999431
0.999431
0.999431
0.999431
0.999431
0.999431
0.999431
0.999431
0.999431
0.999431
0.999431
0.999431
0.999431
0.999431
0.999431
0.999431
0.999431
0.999431
0.999431
0.999431
0.999431
0.999431
0.999431
0.999431
0.999431
0.999431
0.999431
0.999431
0.999431
0.999431
0.999431
0.999431
0.999431
0.999431
0.999431
0.999431
0.999431
0.999431
0.999431
0.999431
0.999431
0.999431
0.999431
0.997459
0.997459
0.875812
0.98173

0.000600195
0.935069
0.972663
0.982875
0.992787
0.968726
0.978632
0.989478
0.970277
0.976485
0.98752
0.975116
0.974272
0.98545
0.981222
0.972047
0.977465
0.923584
0.540081
0.797413
0.984911
0.97254
0.979864
0.989727
0.974518
0.978044
0.987928
0.97976
0.97624
0.985997
0.986806
0.974515
0.984084
0.991742
0.973078
0.982216
0.993104
0.972444
0.980381
0.992247
0.973651
0.978559
0.990515
0.977956
0.976747
0.988537
0.984857
0.974987
0.986532
0.990723
0.973434
0.984554
0.993019
0.972493
0.982595
0.992622
0.973041
0.980629
0.991047
0.976387
0.978638
0.989104
0.982816
0.976632
0.987098
0.989391
0.974702
0.985112
0.992717
0.973132
0.983149
0.992908
0.972616
0.981188
0.991553
0.974409
0.979205
0.989668
0.979487
0.977199
0.987665
0.987768
0.97523
0.983652
0.990343
0.970266
0.981586
0.991253
0.968869
0.979508
0.99019
0.969247
0.977386
0.988361
0.972743
0.968782
0.957307
0.914743
0.797696
0.978553
0.991303

0.0934747
0.959314
0.995132
0.995134
0.995134
0.995134
0.995134
0.995134
0.995134
0.995134
0.995134
0.995134
0.995134
0.995134
0.995134
0.995134
0.995134
0.995134
0.995134
0.995134
0.995134
0.995134
0.995134
0.995134
0.995134
0.995134
0.995134
0.995134
0.995134
0.995134
0.995134
0.995134
0.995134
0.995134
0.995134
0.995134
0.995134
0.995134
0.995134
0.995134
0.995134
0.995134
0.995134
0.995134
0.995134
0.995134
0.995134
0.995134
0.995134
0.995134
0.995134
0.995134
0.995134
0.995134
0.995134
0.995134
0.995134
0.995134
0.995134
0.993168
0.987282
0.987282
0.987282
0.987282
0.987282
0.963859
0.900406
0.805055
0.186427
0.977499
0.307555
0.946442
0.963881
0.977516
0.987293
0.987293
0.993173
0.993173
0.993173
0.993173
0.993173
0.993173
0.995134
0.995134
0.995134
0.995134
0.995134
0.995134
0.995134
0.995134
0.995134
0.995134
0.995134
0.995134
0.995134
0.995134
0.995134
0.995134
0.995134
0.995134
0.995134

0.0626268
0.977843
0.967218
0.977388
0.955958
0.967684
0.985179
0.963221
0.971327
0.962164
0.969925
0.98399
0.95979
0.965716
0.974872
0.969224
0.980338
0.956431
0.963242
0.984658
0.965996
0.974925
0.959075
0.967319
0.986144
0.962511
0.966769
0.968791
0.969906
0.983258
0.959611
0.960619
0.981625
0.968465
0.978026
0.958136
0.962375
0.987247
0.965317
0.969829
0.963815
0.968406
0.98595
0.962099
0.960264
0.976265
0.970201
0.981215
0.959895
0.957813
0.986483
0.968025
0.973113
0.961027
0.964687
0.988082
0.964839
0.96194
0.970223
0.970501
0.984328
0.96194
0.955225
0.983154
0.970374
0.976652
0.960891
0.959352
0.989071
0.967637
0.965048
0.965497
0.968243
0.987157
0.964476
0.954206
0.977616
0.971909
0.980236
0.962171
0.954628
0.988084
0.970307
0.968739
0.962981
0.963893
0.98935
0.967238
0.956268
0.971651
0.9719
0.983695
0.964299
0.950147
0.984493
0.972568
0.972688
0.963055
0.958306
0.990294
0.970036

0.0267731
0.995674
0.996662
0.99666
0.99666
0.99666
0.99666
0.99666
0.99666
0.99666
0.99666
0.99666
0.99666
0.99666
0.99666
0.99666
0.99666
0.99666
0.99666
0.99666
0.99666
0.99666
0.99666
0.99666
0.99666
0.99666
0.99666
0.99666
0.99666
0.99666
0.99666
0.99666
0.99666
0.99666
0.99666
0.99666
0.99666
0.99666
0.99666
0.99666
0.99666
0.99666
0.99666
0.99666
0.99666
0.99666
0.99666
0.99666
0.99666
0.99666
0.99666
0.99666
0.99666
0.99666
0.99666
0.99666
0.994728
0.994728
0.994728
0.994728
0.994728
0.994728
0.994728
0.948053
0.805984
0.805984
0.994658
0.99666
0.99666
0.99666
0.99666
0.99666
0.99666
0.99666
0.99666
0.99666
0.99666
0.99666
0.99666
0.99666
0.99666
0.99666
0.99666
0.99666
0.99666
0.99666
0.99666
0.99666
0.99666
0.99666
0.99666
0.99666
0.99666
0.99666
0.99666
0.99666
0.99666
0.99666
0.99666
0.99666
0.99666

0.0433456
0.978536
0.990414
0.996119
0.989734
0.976642
0.980779
0.987464
0.993066
0.997015
0.979833
0.978086
0.984545
0.989972
0.995717
0.991504
0.976632
0.980372
0.987038
0.992601
0.997153
0.981143
0.977737
0.984109
0.989535
0.995287
0.993081
0.976744
0.981038
0.986613
0.992139
0.99713
0.982682
0.977415
0.983669
0.9891
0.994839
0.994408
0.977004
0.980576
0.986187
0.991681
0.996982
0.984415
0.977131
0.983226
0.988669
0.99438
0.995461
0.97744
0.980114
0.985759
0.991227
0.996736
0.98628
0.976895
0.982779
0.98824
0.993915
0.996238
0.978078
0.979655
0.985331
0.990778
0.996419
0.988195
0.976983
0.982327
0.987813
0.993448
0.996759
0.978945
0.979201
0.9849
0.990333
0.996048
0.990067
0.976768
0.981873
0.987386
0.992981
0.997054
0.980053
0.978757
0.984466
0.989892
0.99564
0.991807
0.976645
0.981415
0.986961
0.992516
0.997159
0.981406
0.978327
0.984029
0.989455
0.995207
0.993342
0.976638
0.980954

0.0542572
0.98696
0.998721
0.988943
0.978313
0.982797
0.992295
0.998698
0.989174
0.978319
0.98271
0.992194
0.998672
0.989404
0.978327
0.982624
0.992092
0.998643
0.989634
0.978338
0.982539
0.991991
0.998613
0.989864
0.978351
0.982453
0.99189
0.99858
0.990093
0.978367
0.982368
0.991788
0.998544
0.990322
0.978386
0.982284
0.991687
0.998507
0.99055
0.978407
0.9822
0.991585
0.998467
0.990776
0.978431
0.982116
0.991483
0.998426
0.991002
0.978458
0.982033
0.991381
0.998382
0.991226
0.978487
0.98195
0.991279
0.998336
0.991449
0.978519
0.981867
0.991177
0.998289
0.99167
0.978554
0.981785
0.991075
0.998239
0.99189
0.978592
0.981704
0.990973
0.998188
0.992107
0.978633
0.981623
0.99087
0.998135
0.992323
0.978677
0.981542
0.989058
0.99808
0.992537
0.978724
0.981462
0.988961
0.998024
0.992748
0.978774
0.981383
0.988864
0.997966
0.992957
0.978827
0.981304
0.988767
0.997906
0.993163
0.978884
0.981225

