0.0203484
0.0299776
0.0440605
0.0146634
0.0216638
0.0536709
0.0161739
0.0151985
0.038797
0.00102406
0.0281031
0.0540546
0.0484785
0.0597502
0.0613851
0.00195938
0.0546604
0.0912865
0.121586
0.0949315
0.119436
0.197065
0.164709
0.109139
0.0433491
0.0711794
0.0555756
0.00135126
0.000969046
0.0352046
0.0692958
0.0691266
0.0866337
0.108561
0.0757519
0.101328
0.0910819
0.0959369
0.0555409
0.0522747
0.07586
0.0588564
0.0401953
0.00719319
0.036501
0.0298632
0.00402768
0.0138384
0.022155
0.0129767
0.0134462
0.00548058
0.00171341
0.00128918
0.0178206
0.00259996
0.0244755
0.00452227
0.0323558
0.0557038
0.0768945
0.0858873
0.082744
0.122896
0.0515903
0.0464232
0.0442079
0.0572742
0.0411007
0.0245173
0.0571578
0.0205441
0.0274693
0.0599542
0.0702888
0.060413
0.0682413
0.0135913
0.0133146
0.0401071
0.0928503
0.110089
0.121097
0.0859821
0.136727
0.165709
0.14161
0.114313
0.117365
0.170197
0.128353
0.086951
0.1202
0.150018
0.173454
0.128156
0.147825
0.123054
0.0997262
0.0934899
0.0787999

0.100868
0.111468
0.142854
0.260029
0.340058
0.412936
0.461516
0.54153
0.530418
0.493297
0.585296
0.582877
0.631557
0.665471
0.713318
0.691414
0.725596
0.669934
0.721184
0.660972
0.708454
0.691974
0.730256
0.735858
0.752094
0.783286
0.787289
0.747697
0.766865
0.759317
0.727957
0.754658
0.686369
0.710793
0.747467
0.742699
0.728042
0.720472
0.760111
0.729985
0.741117
0.770827
0.757529
0.729319
0.767335
0.750903
0.741803
0.726009
0.715526
0.792383
0.74576
0.745676
0.726096
0.737985
0.668353
0.711706
0.744547
0.796314
0.73276
0.820065
0.779049
0.744748
0.743769
0.750264
0.748386
0.74238
0.744661
0.767196
0.756109
0.711585
0.722466
0.710202
0.716896
0.676156
0.707336
0.731743
0.720057
0.786945
0.807864
0.777739
0.780099
0.754867
0.720326
0.702846
0.68586
0.684765
0.728361
0.746109
0.771768
0.710435
0.763209
0.695818
0.684425
0.681066
0.720855
0.708183
0.755032
0.719926
0.789664
0.775092
0.756282

0.00769698
0.00105547
0.082155
0.128346
0.144531
0.068615
0.017289
0.329649
0.446472
0.548087
0.738364
0.772338
0.780765
0.837464
0.854742
0.842951
0.867945
0.835525
0.850347
0.797577
0.824941
0.873831
0.836373
0.853307
0.844779
0.874768
0.843421
0.865732
0.865016
0.829915
0.858029
0.873169
0.862409
0.794344
0.894987
0.895345
0.85523
0.823033
0.794551
0.879558
0.881639
0.894488
0.869038
0.888582
0.848938
0.866844
0.831631
0.830653
0.917555
0.897673
0.846747
0.85222
0.853516
0.79661
0.892587
0.890736
0.894597
0.893532
0.835303
0.865499
0.871815
0.86428
0.854829
0.886925
0.874585
0.856823
0.86167
0.823739
0.875462
0.894313
0.896132
0.846229
0.846995
0.899389
0.871733
0.880364
0.856865
0.875159
0.861307
0.850328
0.844385
0.882914
0.8747
0.857138
0.903575
0.837587
0.844478
0.88543
0.882388
0.882164
0.89906
0.85864
0.842314
0.860158
0.840003
0.884086
0.853316
0.848177
0.898524
0.856307
0.844934

0.0203152
0.0358198
0.0562058
0.189521
0.353885
0.367325
0.386469
0.683479
0.863944
0.867193
0.898192
0.923166
0.895157
0.915328
0.916787
0.946018
0.897536
0.934574
0.930027
0.922021
0.917701
0.919826
0.956014
0.91664
0.955273
0.950087
0.95125
0.931388
0.934416
0.955972
0.916473
0.935198
0.927072
0.942092
0.908086
0.917187
0.94661
0.920023
0.948021
0.945997
0.968586
0.928645
0.939501
0.953542
0.931534
0.933746
0.919242
0.95139
0.906309
0.928154
0.934315
0.927408
0.928421
0.933456
0.972842
0.935405
0.956275
0.951379
0.955834
0.935415
0.931733
0.957045
0.919488
0.935253
0.929789
0.948095
0.924176
0.936904
0.96517
0.941976
0.955339
0.947464
0.968494
0.934284
0.942158
0.954189
0.933329
0.935245
0.925452
0.952917
0.918343
0.93324
0.9508
0.949118
0.949858
0.944646
0.973869
0.938313
0.947654
0.948624
0.949951
0.935124
0.926159
0.954038
0.92159
0.931764
0.93565
0.953851
0.941516
0.942292
0.971086

0.04747
0.0610015
0.0106443
0.579368
0.86819
0.933577
0.938549
0.916716
0.947137
0.942988
0.929204
0.938686
0.923069
0.950535
0.933933
0.93092
0.921306
0.929115
0.958637
0.906824
0.923394
0.902133
0.936628
0.935918
0.908636
0.928009
0.905797
0.945234
0.886438
0.897892
0.913535
0.917997
0.905593
0.860902
0.884431
0.868921
0.923249
0.848992
0.815192
0.778598
0.799089
0.791263
0.664556
0.643015
0.482016
0.582926
0.430239
0.0352187
0.447436
0.664315
0.742299
0.841232
0.378001
0.212066
0.352887
0.53151
0.723144
0.685979
0.662589
0.721703
0.713291
0.854229
0.814675
0.819188
0.839427
0.849427
0.866527
0.843738
0.893317
0.864284
0.878923
0.871144
0.872224
0.884728
0.889097
0.919095
0.89433
0.909323
0.908103
0.910618
0.928906
0.910808
0.94399
0.924736
0.937418
0.959497
0.930115
0.945028
0.927136
0.949921
0.945303
0.93664
0.943771
0.936005
0.975497
0.931941
0.940714
0.93494
0.944398
0.963272
0.928986

0.0108358
0.03519
0.14328
0.413599
0.857247
0.966141
0.976273
0.978576
0.980267
0.981144
0.981514
0.981656
0.981709
0.981728
0.981736
0.981738
0.981739
0.981739
0.98174
0.98174
0.98174
0.98174
0.98174
0.98174
0.98174
0.98174
0.98174
0.98174
0.98174
0.98174
0.98174
0.98174
0.98174
0.98174
0.98174
0.98174
0.98174
0.98174
0.98174
0.98174
0.98174
0.98174
0.98174
0.98174
0.98174
0.98174
0.98174
0.98174
0.98174
0.98174
0.98174
0.98174
0.98174
0.98174
0.98174
0.98174
0.98174
0.98174
0.98174
0.98174
0.98174
0.98174
0.98174
0.98174
0.98174
0.98174
0.98174
0.98174
0.98174
0.98174
0.98174
0.98174
0.98174
0.98174
0.98174
0.98174
0.98174
0.98174
0.98174
0.98174
0.98174
0.98174
0.98174
0.98174
0.98174
0.98174
0.98174
0.98174
0.98174
0.98174
0.98174
0.98174
0.98174
0.98174
0.98174
0.98174
0.98174
0.98174
0.98174
0.98174
0.98174

0.0437465
0.252766
0.912551
0.941286
0.942312
0.945727
0.948255
0.967751
0.931681
0.93791
0.958888
0.965414
0.921223
0.958764
0.936717
0.963712
0.934375
0.948014
0.930613
0.974007
0.930278
0.952998
0.932498
0.957394
0.96349
0.942275
0.931353
0.96527
0.951105
0.929315
0.944912
0.940304
0.947796
0.939434
0.926747
0.924154
0.958373
0.92029
0.94269
0.921475
0.947342
0.947009
0.941051
0.912068
0.968429
0.92708
0.917406
0.921077
0.928451
0.936345
0.921867
0.910543
0.919389
0.941877
0.892638
0.912201
0.893337
0.915371
0.920489
0.869242
0.837598
0.874064
0.811004
0.777103
0.776691
0.683675
0.420651
0.504758
0.0568436
0.44618
0.320811
0.844518
0.892772
0.944842
0.822616
0.719428
0.147773
0.599904
0.456521
0.7344
0.779132
0.79367
0.859045
0.899997
0.896152
0.928754
0.906659
0.942204
0.940631
0.929024
0.927623
0.926533
0.959352
0.926455
0.905356
0.923472
0.941285
0.913383
0.930296
0.907919
0.930143

0.0618304
0.527009
0.959741
0.974816
0.987763
0.990897
0.978915
0.976625
0.994067
0.98363
0.97383
0.992389
0.988379
0.976486
0.983104
0.992569
0.980921
0.974455
0.994239
0.985703
0.974581
0.989089
0.990321
0.978308
0.977624
0.993813
0.982981
0.973784
0.993084
0.98775
0.975967
0.984591
0.992081
0.980285
0.974963
0.994307
0.985055
0.974261
0.990287
0.989728
0.977716
0.978759
0.993487
0.982333
0.973851
0.993614
0.987114
0.975484
0.986068
0.991558
0.979656
0.975626
0.994258
0.984406
0.974014
0.99134
0.98912
0.977142
0.980008
0.993099
0.981688
0.974043
0.993986
0.986474
0.975042
0.987496
0.991008
0.979036
0.976446
0.994108
0.983757
0.973851
0.992233
0.988502
0.976591
0.981342
0.992661
0.981046
0.974373
0.994211
0.98583
0.974651
0.988838
0.990436
0.978426
0.977417
0.993869
0.983108
0.973785
0.992961
0.987874
0.976067
0.984298
0.992179
0.980409
0.974851
0.994303
0.985183
0.974319
0.990063
0.989846

0.0929659
0.61225
0.97641
0.958397
0.971379
0.994631
0.957939
0.978906
0.976296
0.962686
0.986902
0.974345
0.968418
0.974335
0.975233
0.976557
0.973779
0.974682
0.967581
0.98125
0.975773
0.963348
0.987053
0.966459
0.971574
0.991938
0.953897
0.979059
0.986231
0.960736
0.98689
0.966809
0.967471
0.989464
0.967112
0.974934
0.973247
0.967664
0.981356
0.979574
0.970397
0.964403
0.984049
0.974066
0.971531
0.986292
0.953476
0.97922
0.986541
0.959294
0.986443
0.962212
0.967059
0.993585
0.959583
0.974489
0.978012
0.962689
0.984163
0.975972
0.967146
0.973978
0.978794
0.97368
0.971106
0.978881
0.968239
0.979088
0.978936
0.958028
0.985723
0.971496
0.96673
0.991881
0.953959
0.9744
0.991112
0.959458
0.982272
0.970619
0.965487
0.989016
0.971276
0.972439
0.971661
0.97095
0.978689
0.978174
0.971782
0.958969
0.984139
0.974582
0.966155
0.988221
0.953944
0.974372
0.990579
0.957182
0.981911
0.968992
0.964654

0.181092
0.809728
0.936195
0.945449
0.916202
0.935572
0.935001
0.934994
0.929849
0.949379
0.927795
0.964873
0.925108
0.959703
0.950675
0.950659
0.948572
0.96539
0.945454
0.959023
0.94865
0.947834
0.959685
0.933164
0.948247
0.948863
0.935093
0.934829
0.947764
0.924092
0.952012
0.918965
0.9494
0.941017
0.942499
0.938031
0.960453
0.935438
0.952433
0.949196
0.945058
0.957996
0.937311
0.953949
0.958178
0.946252
0.948938
0.96133
0.937558
0.952645
0.93401
0.94428
0.941031
0.935706
0.932019
0.954894
0.925904
0.944629
0.945265
0.936266
0.948191
0.934311
0.945862
0.951494
0.941675
0.946935
0.963934
0.94228
0.957331
0.952719
0.949039
0.955244
0.942432
0.94345
0.959114
0.930451
0.946405
0.946255
0.933521
0.941081
0.933227
0.936368
0.941645
0.932279
0.936441
0.955759
0.933622
0.951211
0.953656
0.944724
0.955361
0.946054
0.951169
0.960559
0.943892
0.95477
0.961931
0.94312
0.949454
0.947571
0.937407

0.0194539
0.0427323
0.922277
0.969672
0.957966
0.94443
0.941015
0.94532
0.947411
0.908679
0.894522
0.852556
0.350003
0.963714
0.86683
0.898151
0.945066
0.950749
0.952595
0.94391
0.936462
0.98472
0.940648
0.963914
0.95582
0.971438
0.951068
0.957845
0.964241
0.975399
0.928499
0.981511
0.952985
0.966106
0.946643
0.966117
0.965905
0.952058
0.951355
0.982104
0.936138
0.969506
0.951887
0.973048
0.949771
0.952094
0.975198
0.95833
0.94651
0.972516
0.958297
0.96123
0.95426
0.964058
0.971299
0.939919
0.974671
0.965851
0.952147
0.95912
0.964961
0.966284
0.958117
0.945445
0.988623
0.934431
0.967907
0.959142
0.96856
0.949133
0.957356
0.964472
0.970118
0.929101
0.984996
0.949795
0.962353
0.942131
0.968385
0.960502
0.950524
0.951197
0.974349
0.926214
0.944459
0.926336
0.933795
0.908879
0.900868
0.903964
0.403099
0.646468
0.904908
0.903041
0.935186
0.950697
0.957035
0.952225
0.936062
0.961096
0.963469

0.0975198
0.646925
0.991865
0.990736
0.990292
0.990071
0.989946
0.989869
0.989821
0.989789
0.989768
0.989753
0.989744
0.989737
0.989732
0.989729
0.989727
0.989726
0.989725
0.989724
0.989723
0.989723
0.989723
0.989723
0.989723
0.989723
0.989723
0.989722
0.989722
0.989722
0.989722
0.989722
0.989722
0.989722
0.989722
0.989722
0.989722
0.989722
0.989722
0.989722
0.989722
0.989722
0.989722
0.989722
0.989722
0.989722
0.989722
0.989722
0.989722
0.989722
0.989722
0.989722
0.989722
0.989722
0.989722
0.989722
0.989722
0.989722
0.989722
0.989722
0.989722
0.989722
0.989722
0.989722
0.989722
0.989722
0.989722
0.989722
0.989722
0.989722
0.988079
0.988079
0.988079
0.988079
0.988079
0.988079
0.988079
0.988079
0.988079
0.988079
0.988079
0.988079
0.988079
0.988079
0.988079
0.988079
0.988079
0.988079
0.982535
0.959853
0.42586
0.190293
0.98746
0.989722
0.989722
0.989722
0.989722
0.989722
0.989722
0.989722
0.989722

0.0162007
0.100601
0.824716
0.997014
0.997041
0.997041
0.997041
0.997041
0.997041
0.997041
0.997041
0.997041
0.997041
0.997041
0.997041
0.997041
0.997041
0.997041
0.997041
0.997041
0.997041
0.997041
0.997041
0.997041
0.997041
0.997041
0.997041
0.997041
0.997041
0.997041
0.997041
0.997041
0.997041
0.997041
0.997041
0.997041
0.997041
0.997041
0.997041
0.997041
0.997041
0.997041
0.997041
0.997041
0.997041
0.997041
0.997041
0.997041
0.997041
0.997041
0.997041
0.997041
0.997041
0.997041
0.997041
0.997041
0.997041
0.997041
0.997041
0.997041
0.997041
0.997041
0.997041
0.997041
0.997041
0.997041
0.997041
0.997041
0.997041
0.997041
0.997041
0.997041
0.997041
0.997041
0.997041
0.997041
0.997041
0.997041
0.997041
0.997041
0.997041
0.997041
0.997041
0.997041
0.997041
0.997041
0.997041
0.997041
0.997041
0.997041
0.997041
0.997041
0.997041
0.997041
0.997041
0.997041
0.997041
0.997041
0.997041
0.997041
0.997041

0.0384601
0.795317
0.994952
0.995201
0.995202
0.995202
0.995202
0.995202
0.995202
0.995202
0.995202
0.995202
0.995202
0.995202
0.995202
0.995202
0.995202
0.995202
0.995202
0.995202
0.995202
0.995202
0.995202
0.995202
0.995202
0.995202
0.995202
0.995202
0.995202
0.995202
0.995202
0.995202
0.995202
0.995202
0.995202
0.995202
0.995202
0.995202
0.995202
0.995202
0.995202
0.995202
0.995202
0.995202
0.993293
0.993293
0.993293
0.987464
0.987464
0.987464
0.977738
0.946763
0.424528
0.724871
0.993183
0.995202
0.995202
0.995202
0.995202
0.995202
0.995202
0.995202
0.995202
0.995202
0.995202
0.995202
0.995202
0.995202
0.995202
0.995202
0.995202
0.995202
0.995202
0.995202
0.995202
0.995202
0.995202
0.995202
0.995202
0.995202
0.995202
0.995202
0.995202
0.995202
0.995202
0.995202
0.995202
0.995202
0.995202
0.995202
0.995202
0.995202
0.995202
0.995202
0.995202
0.995202
0.995202
0.995202
0.995202
0.995202
0.995202

0.0967175
0.838299
0.253789
0.734988
0.907085
0.912042
0.952681
0.935692
0.952865
0.937137
0.935008
0.931591
0.957435
0.980821
0.969805
0.974015
0.955978
0.969537
0.96766
0.99112
0.970081
0.979739
0.956214
0.974841
0.962494
0.995294
0.973013
0.986319
0.95961
0.975216
0.959587
0.993192
0.977196
0.987488
0.964792
0.973519
0.959276
0.983463
0.981367
0.984779
0.970835
0.96914
0.961438
0.971706
0.984475
0.979989
0.977176
0.964531
0.96543
0.960944
0.987513
0.976439
0.985402
0.962766
0.973581
0.954912
0.986501
0.975241
0.990783
0.964483
0.978013
0.953881
0.981887
0.975156
0.994125
0.968625
0.980726
0.956423
0.977256
0.974696
0.993619
0.974012
0.980124
0.961083
0.970592
0.973473
0.988182
0.981386
0.976319
0.969355
0.963098
0.973405
0.97962
0.987126
0.972338
0.975497
0.957898
0.972329
0.971308
0.991831
0.971115
0.98146
0.956839
0.973667
0.965164
0.994379
0.972893
0.986424
0.959348
0.975323
0.961809

0.123104
0.985392
0.982026
0.979065
0.984686
0.992343
0.97404
0.982245
0.987965
0.9785
0.979472
0.984998
0.992867
0.975413
0.982548
0.988414
0.975765
0.979859
0.985318
0.993245
0.976012
0.982848
0.98889
0.973986
0.980229
0.985646
0.993332
0.976584
0.983145
0.989394
0.972827
0.980585
0.985985
0.992912
0.977126
0.983441
0.989927
0.972755
0.980928
0.986336
0.991709
0.977638
0.983738
0.990489
0.973037
0.981259
0.986702
0.989494
0.978121
0.984037
0.991076
0.973517
0.981582
0.987084
0.98629
0.978577
0.984339
0.991676
0.974097
0.981896
0.987485
0.981021
0.979009
0.984644
0.992267
0.974713
0.982205
0.987907
0.977709
0.976894
0.982796
0.99088
0.972333
0.974047
0.980417
0.949496
0.960788
0.953525
0.944786
0.923333
0.911808
0.720221
0.338458
0.961247
0.833748
0.961984
0.949409
0.966646
0.981602
0.969542
0.973801
0.978502
0.993007
0.975963
0.981763
0.987925
0.972725
0.979419
0.984496
0.991925
0.976418

0.00721435
0.900274
0.978195
0.986225
0.990978
0.990999
0.988423
0.984916
0.981167
0.97612
0.973095
0.971125
0.97157
0.976167
0.984114
0.990187
0.991354
0.989278
0.985929
0.98221
0.978461
0.974915
0.971502
0.971096
0.974432
0.98184
0.988985
0.991463
0.990042
0.986916
0.983252
0.97949
0.975857
0.972725
0.970914
0.973046
0.979548
0.987383
0.99127
0.990684
0.987866
0.984287
0.980528
0.976834
0.973504
0.971247
0.972023
0.977382
0.985437
0.99072
0.991162
0.988763
0.98531
0.98157
0.977837
0.97436
0.971695
0.971095
0.975457
0.983246
0.989771
0.991429
0.989586
0.986314
0.982614
0.978857
0.975274
0.972296
0.970948
0.973025
0.980948
0.988411
0.991428
0.990307
0.987288
0.983654
0.97989
0.976231
0.973016
0.971065
0.972001
0.977331
0.986667
0.991102
0.990891
0.98822
0.984685
0.980931
0.977219
0.973827
0.967904
0.967116
0.970418
0.977287
0.988498
0.989381
0.987151
0.983663
0.979764
0.975766
0.971884

0.0426421
0.960623
0.976943
0.992753
0.982846
0.976586
0.971387
0.993759
0.980693
0.974604
0.976246
0.985661
0.978739
0.972586
0.989472
0.983147
0.967705
0.96347
0.988023
0.971495
0.936778
0.943055
0.924299
0.574774
0.972837
0.632307
0.835529
0.933098
0.964859
0.987903
0.980272
0.981432
0.976399
0.994064
0.986302
0.978775
0.986567
0.991328
0.984096
0.976087
0.995724
0.988845
0.981753
0.975875
0.994409
0.986587
0.979135
0.984908
0.991672
0.984386
0.976394
0.995473
0.98915
0.98207
0.975528
0.99474
0.986872
0.97949
0.983241
0.992021
0.984673
0.976724
0.995042
0.98946
0.982382
0.975335
0.995048
0.987158
0.979841
0.98164
0.992374
0.984959
0.977069
0.994404
0.989774
0.982689
0.975272
0.995324
0.987446
0.980188
0.981465
0.992731
0.985244
0.977423
0.993537
0.990093
0.982993
0.975314
0.995556
0.987737
0.980528
0.980017
0.99309
0.985528
0.977784
0.992432
0.990417
0.983293
0.975442
0.995728
0.98803

0.017821
0.861808
0.996492
0.996494
0.996494
0.996494
0.996494
0.996494
0.996494
0.996494
0.996494
0.996494
0.996494
0.996494
0.996494
0.996494
0.996494
0.996494
0.996494
0.996494
0.996494
0.996494
0.996494
0.996494
0.996494
0.996494
0.996494
0.996494
0.996494
0.996494
0.996494
0.996494
0.996494
0.996494
0.996494
0.996494
0.996494
0.996494
0.996494
0.996494
0.996494
0.996494
0.996494
0.996494
0.996494
0.996494
0.996494
0.996494
0.996494
0.996494
0.996494
0.996494
0.996494
0.996494
0.996494
0.996494
0.996494
0.996494
0.996494
0.996494
0.996494
0.996494
0.996494
0.996494
0.996494
0.996494
0.996494
0.996494
0.996494
0.996494
0.996494
0.996494
0.994557
0.994557
0.994557
0.994557
0.994557
0.994557
0.994557
0.994557
0.994557
0.994557
0.994557
0.994557
0.994557
0.988696
0.988696
0.978933
0.978933
0.978933
0.965306
0.965306
0.806462
0.585337
0.841111
0.187195
0.873003
0.947574
0.978753
0.988576
0.988576

0.0169114
0.990807
0.992004
0.992006
0.992006
0.992006
0.992006
0.992006
0.992006
0.992006
0.992006
0.992006
0.992006
0.992006
0.992006
0.992006
0.992006
0.992006
0.992006
0.992006
0.992006
0.992006
0.992006
0.992006
0.992006
0.992006
0.992006
0.992006
0.992006
0.992006
0.992006
0.992006
0.992006
0.992006
0.992006
0.990208
0.990208
0.990208
0.990208
0.990208
0.990208
0.990208
0.984503
0.984503
0.974912
0.960206
0.960206
0.989888
0.992006
0.992006
0.992006
0.992006
0.992006
0.992006
0.992006
0.992006
0.992006
0.992006
0.992006
0.992006
0.992006
0.992006
0.992006
0.992006
0.992006
0.992006
0.992006
0.992006
0.992006
0.992006
0.992006
0.992006
0.992006
0.992006
0.992006
0.992006
0.992006
0.992006
0.992006
0.992006
0.992006
0.992006
0.992006
0.992006
0.992006
0.992006
0.992006
0.992006
0.992006
0.992006
0.992006
0.992006
0.992006
0.992006
0.990208
0.990208
0.990208
0.990208
0.990208
0.990208
0.990208

0.0625835
0.9725
0.981786
0.96402
0.987907
0.978413
0.965239
0.992724
0.974077
0.977732
0.983463
0.984573
0.968736
0.994543
0.966144
0.993046
0.975706
0.975442
0.982255
0.984737
0.959478
0.993405
0.967741
0.971445
0.976926
0.976351
0.964872
0.985765
0.961073
0.981388
0.971912
0.968415
0.982058
0.977958
0.96531
0.987005
0.9786
0.966195
0.992858
0.970147
0.986889
0.979725
0.981857
0.976921
0.991123
0.962501
0.996474
0.971858
0.972888
0.98073
0.980764
0.961346
0.989947
0.963879
0.978185
0.973296
0.972341
0.973293
0.981897
0.958747
0.989749
0.97
0.966444
0.983127
0.974091
0.971986
0.983613
0.978513
0.973762
0.991665
0.966216
0.995964
0.975897
0.979318
0.983929
0.985176
0.961067
0.994215
0.967954
0.975378
0.977181
0.976698
0.961357
0.986032
0.960167
0.975492
0.96546
0.961644
0.967646
0.972026
0.953886
0.958977
0.947029
0.932783
0.964035
0.939872
0.955484
0.913995
0.956695
0.681245
0.918343

