0.000543162
0.0497033
0.049474
0.0508411
0.00248778
0.000736186
0.00337809
0.0276188
0.0546522
0.0385856
0.0685177
0.0980618
0.0922493
0.0863788
0.0730487
0.053959
0.0837508
0.0432394
0.0549712
0.00934578
0.0441323
0.0574638
0.014562
0.0269964
0.0200464
0.021742
0.0100564
0.010808
0.00628278
0.0395556
0.0580543
0.0561676
0.0919373
0.0776696
0.111388
0.04803
0.0549027
0.10071
0.104862
0.0481364
0.0683657
0.0979069
0.121198
0.0989262
0.143856
0.134346
0.104706
0.0922919
0.0632271
0.124386
0.138817
0.096151
0.0551877
0.111256
0.0913472
0.038829
0.0671447
0.15861
0.102252
0.116424
0.0911919
0.0625696
0.0528516
0.0640376
0.0516732
0.0324831
0.0214461
0.0647756
0.0652375
0.0521061
0.0548315
0.0430663
0.00805669
0.0509272
0.0851904
0.132427
0.0429074
0.0431152
0.0971855
0.096427
0.137315
0.129527
0.110192
0.0949998
0.0912232
0.0594353
0.0196562
0.0395332
0.111358
0.0480076
0.055284
0.0318674
0.0727968
0.0778732
0.0706855
0.0747852
0.0745029
0.0774964
0.0554157
0.0668814
0.113799

0.076525
0.0400676
0.10551
0.131024
0.142253
0.139362
0.193296
0.231938
0.344196
0.378347
0.480215
0.58446
0.637494
0.70385
0.751329
0.772805
0.79817
0.86533
0.86173
0.90415
0.875364
0.864568
0.890244
0.879148
0.855094
0.858396
0.881993
0.875483
0.888685
0.82279
0.843967
0.855144
0.841876
0.822094
0.823169
0.845006
0.884221
0.872324
0.836143
0.873145
0.85399
0.856102
0.854638
0.881689
0.868128
0.900119
0.854051
0.866654
0.856205
0.827647
0.851819
0.85863
0.87404
0.865789
0.870966
0.848409
0.88798
0.83149
0.820585
0.84219
0.872381
0.869238
0.860836
0.835687
0.867194
0.865565
0.803435
0.829294
0.850279
0.900315
0.891666
0.877395
0.856064
0.897072
0.863379
0.844322
0.856132
0.851005
0.880291
0.856441
0.846117
0.839771
0.842495
0.80049
0.848092
0.848922
0.866793
0.881126
0.874578
0.874678
0.864936
0.83267
0.832551
0.879698
0.855862
0.878752
0.849598
0.87604
0.873778
0.852972
0.808168

0.0583739
0.132873
0.210997
0.203732
0.356152
0.418806
0.595459
0.68437
0.801041
0.812981
0.890222
0.888099
0.889867
0.892019
0.907071
0.872461
0.862133
0.900485
0.874118
0.867704
0.875493
0.893422
0.843114
0.887252
0.870819
0.870308
0.85613
0.883278
0.825024
0.879748
0.868214
0.890653
0.855592
0.900927
0.858742
0.856356
0.861935
0.899786
0.872302
0.913466
0.900298
0.870146
0.883058
0.876751
0.86925
0.887372
0.920236
0.88426
0.867581
0.880864
0.877444
0.832786
0.891506
0.879566
0.869828
0.8616
0.883776
0.829732
0.869094
0.869453
0.842719
0.800839
0.861414
0.848559
0.814394
0.863306
0.866009
0.822796
0.839788
0.861618
0.851467
0.861602
0.878084
0.865515
0.787836
0.838852
0.828521
0.776166
0.860182
0.878416
0.785876
0.797087
0.782609
0.703659
0.708063
0.72828
0.757349
0.636609
0.621093
0.58639
0.520174
0.361658
0.418935
0.0605063
0.312045
0.776651
0.837598
0.540835
0.0792254
0.142045
0.563644

0.0390771
0.0804153
0.158345
0.308785
0.636812
0.764303
0.903601
0.953292
0.927968
0.953173
0.917142
0.927184
0.965306
0.931268
0.940339
0.924445
0.935042
0.962382
0.938789
0.932099
0.928545
0.947908
0.944141
0.943851
0.940051
0.907337
0.959428
0.948674
0.922769
0.947846
0.918019
0.947459
0.952296
0.925726
0.938123
0.930407
0.946874
0.948712
0.933628
0.929506
0.939105
0.956636
0.918926
0.936697
0.934746
0.919735
0.963221
0.924578
0.914024
0.945029
0.930878
0.938088
0.921494
0.910665
0.922365
0.936326
0.936771
0.920337
0.921038
0.917725
0.943845
0.945429
0.894065
0.929995
0.916862
0.919962
0.952099
0.90287
0.907461
0.940284
0.928845
0.932299
0.911055
0.915623
0.926342
0.93849
0.927582
0.913885
0.929417
0.917924
0.944298
0.925274
0.875373
0.928926
0.915212
0.907039
0.931388
0.888275
0.905574
0.92375
0.915202
0.891209
0.900356
0.914892
0.888342
0.910634
0.86946
0.891303
0.928823
0.881551
0.916133

0.121342
0.00128568
0.376905
0.608836
0.826179
0.925072
0.947351
0.955546
0.925148
0.947184
0.955746
0.918858
0.933694
0.919456
0.926132
0.895103
0.870558
0.898142
0.880473
0.87093
0.904613
0.843753
0.896906
0.846482
0.79732
0.818953
0.749977
0.642329
0.64624
0.483529
0.519475
0.300872
0.257544
0.0384967
0.603361
0.819057
0.946651
0.908543
0.904218
0.749283
0.679846
0.490497
0.0367525
0.0627714
0.240585
0.440328
0.654596
0.735272
0.706926
0.78413
0.861121
0.946747
0.954562
0.93511
0.95609
0.955221
0.954861
0.950623
0.932544
0.972039
0.953186
0.942569
0.950527
0.94641
0.96077
0.94971
0.933602
0.963248
0.957504
0.951184
0.947104
0.938513
0.976919
0.948983
0.93961
0.953559
0.953396
0.96753
0.94514
0.935743
0.971424
0.94835
0.947431
0.946307
0.94759
0.976582
0.944147
0.938763
0.961155
0.955067
0.963313
0.941953
0.942782
0.975259
0.944058
0.944651
0.950107
0.954163
0.967368
0.939774
0.941843

0.144145
0.441859
0.80674
0.961113
0.961322
0.959205
0.965408
0.974813
0.978179
0.974475
0.967598
0.960843
0.957743
0.962435
0.972264
0.977911
0.97582
0.969467
0.962418
0.957788
0.960423
0.969667
0.97722
0.976961
0.971339
0.964183
0.958306
0.958948
0.966936
0.975924
0.977729
0.97311
0.966051
0.959208
0.958044
0.964295
0.974056
0.978038
0.974719
0.967968
0.960418
0.957699
0.961948
0.971716
0.977809
0.976096
0.968427
0.961866
0.957864
0.957274
0.967122
0.975288
0.975469
0.964826
0.958588
0.954366
0.95564
0.964227
0.968278
0.970587
0.957172
0.951324
0.946985
0.947457
0.955306
0.966207
0.970787
0.958578
0.952847
0.947811
0.946663
0.942455
0.95414
0.93098
0.885088
0.880932
0.851214
0.756146
0.64599
0.411309
0.619828
0.910073
0.0552945
0.735694
0.937528
0.93325
0.936419
0.94376
0.959918
0.955683
0.957999
0.950175
0.945401
0.947578
0.965138
0.975845
0.973166
0.96638
0.958867
0.95376
0.954936

0.0728775
0.280027
0.839451
0.966844
0.982025
0.964753
0.974376
0.960687
0.96538
0.960094
0.958034
0.960991
0.954019
0.964654
0.953165
0.969711
0.954505
0.974891
0.959963
0.981092
0.963483
0.984235
0.966472
0.984872
0.967887
0.981925
0.966824
0.975093
0.963647
0.966103
0.960493
0.958097
0.962803
0.953245
0.965299
0.951761
0.969351
0.952789
0.973832
0.955355
0.977922
0.962201
0.982808
0.965965
0.983888
0.968571
0.981728
0.968897
0.975674
0.966681
0.966892
0.963475
0.955055
0.961577
0.948495
0.962014
0.945413
0.964321
0.945219
0.967552
0.946988
0.970891
0.949931
0.973617
0.961294
0.980694
0.964574
0.979207
0.965853
0.973866
0.96421
0.965132
0.960452
0.9556
0.956886
0.948266
0.96282
0.944444
0.963988
0.934115
0.957612
0.934944
0.960087
0.937386
0.962412
0.940743
0.9637
0.956446
0.972516
0.95863
0.967966
0.957709
0.959578
0.940115
0.924326
0.916638
0.895191
0.863773
0.8373
0.859661
0.830647

0.0143065
0.230078
0.912374
0.988646
0.985237
0.969577
0.9691
0.978688
0.986976
0.981502
0.967669
0.970441
0.9807
0.98735
0.978409
0.966986
0.972276
0.98269
0.987061
0.973939
0.967036
0.974302
0.984467
0.985969
0.97123
0.967708
0.976434
0.985922
0.984063
0.969079
0.968885
0.978595
0.986928
0.981455
0.967649
0.970448
0.980712
0.987349
0.978385
0.966984
0.97229
0.982704
0.987056
0.973918
0.967039
0.974318
0.984479
0.985958
0.971212
0.967715
0.97645
0.985931
0.984046
0.969066
0.968895
0.978611
0.986933
0.981434
0.967641
0.97046
0.980727
0.98735
0.978362
0.966982
0.972304
0.982717
0.987051
0.973897
0.967042
0.974333
0.984491
0.985947
0.971194
0.967722
0.976465
0.98594
0.984029
0.969053
0.968905
0.978627
0.986939
0.981413
0.967634
0.970473
0.980742
0.98735
0.976861
0.96698
0.972318
0.982731
0.987046
0.968764
0.967044
0.974348
0.984503
0.985936
0.971177
0.967729
0.976481
0.985949
0.984013

0.112249
0.600272
0.945435
0.978139
0.977838
0.977753
0.977739
0.977737
0.977737
0.977737
0.977737
0.977737
0.977737
0.977737
0.977737
0.977737
0.977737
0.977737
0.977737
0.977737
0.977737
0.977737
0.977737
0.977737
0.977737
0.977737
0.977737
0.977737
0.977737
0.977737
0.977737
0.977737
0.977737
0.977737
0.975833
0.975833
0.975833
0.975833
0.975833
0.975833
0.970079
0.970079
0.970079
0.960495
0.960495
0.947122
0.909228
0.884858
0.884858
0.791247
0.575032
0.790764
0.183614
0.884508
0.929756
0.929756
0.946917
0.946917
0.960341
0.960341
0.969975
0.969975
0.969975
0.969975
0.969975
0.969975
0.975782
0.977737
0.977737
0.977737
0.977737
0.977737
0.977737
0.977737
0.977737
0.977737
0.977737
0.977737
0.977737
0.977737
0.977737
0.977737
0.977737
0.977737
0.977737
0.977737
0.977737
0.977737
0.977737
0.977737
0.977737
0.977737
0.977737
0.977737
0.977737
0.977737
0.977737
0.977737
0.977737
0.977737
0.977737

0.00850961
0.126711
0.901895
0.988425
0.994843
0.974441
0.980235
0.986685
0.994984
0.974564
0.979813
0.986253
0.994921
0.974901
0.965331
0.970737
0.986904
0.954039
0.952292
0.763108
0.899615
0.891628
0.97035
0.97835
0.98612
0.971968
0.979161
0.986237
0.993574
0.978186
0.978658
0.985805
0.993107
0.979946
0.978149
0.985375
0.992623
0.981964
0.977637
0.984945
0.99213
0.985779
0.977124
0.984515
0.991634
0.988016
0.976618
0.984083
0.99114
0.990044
0.976126
0.983649
0.990651
0.99175
0.975658
0.983211
0.990167
0.993078
0.975231
0.98277
0.98969
0.994023
0.974865
0.982323
0.98922
0.994618
0.974456
0.981871
0.988758
0.994918
0.97446
0.981412
0.988302
0.994982
0.974646
0.980946
0.987852
0.994867
0.975064
0.979247
0.987407
0.99462
0.975765
0.978814
0.985276
0.994279
0.976796
0.978376
0.984863
0.993874
0.978186
0.977934
0.984453
0.993426
0.979929
0.972628
0.978544
0.985211
0.973163
0.951191
0.95567

0.135433
0.845389
0.969542
0.976161
0.981931
0.985426
0.983682
0.976116
0.969256
0.968216
0.972376
0.978338
0.984639
0.990031
0.992237
0.988175
0.979708
0.974275
0.975892
0.980598
0.986136
0.991105
0.993843
0.991426
0.981812
0.970098
0.963754
0.963293
0.965699
0.969415
0.972835
0.975069
0.972186
0.964129
0.957734
0.956403
0.961068
0.967308
0.973697
0.978892
0.980414
0.975479
0.967191
0.962452
0.964987
0.970378
0.976651
0.982602
0.986624
0.985841
0.978861
0.971404
0.969416
0.973094
0.978867
0.985157
0.990787
0.993767
0.990944
0.982632
0.975627
0.975804
0.979419
0.983942
0.987869
0.989771
0.987172
0.977723
0.965463
0.958936
0.958904
0.961261
0.966695
0.972013
0.975404
0.973888
0.966583
0.959656
0.957597
0.961777
0.967809
0.974188
0.979687
0.982137
0.978484
0.970182
0.964111
0.965727
0.970759
0.976989
0.983123
0.987685
0.987934
0.981728
0.973759
0.97076
0.973923
0.979493
0.985731
0.991464
0.99491

0.0413105
0.484335
0.987367
0.983575
0.982965
0.982924
0.982921
0.982921
0.982921
0.982921
0.982921
0.982921
0.982921
0.982921
0.982921
0.982921
0.982921
0.982921
0.982921
0.982921
0.982921
0.982921
0.982921
0.982921
0.982921
0.982921
0.982921
0.981094
0.981094
0.975396
0.975396
0.975396
0.975396
0.975396
0.975396
0.965848
0.965848
0.952488
0.862206
0.363509
0.00179744
0.934258
0.974945
0.974945
0.974945
0.980869
0.980869
0.980869
0.980869
0.980869
0.980869
0.982921
0.982921
0.982921
0.982921
0.982921
0.982921
0.982921
0.982921
0.982921
0.982921
0.982921
0.982921
0.982921
0.982921
0.982921
0.982921
0.982921
0.982921
0.982921
0.982921
0.982921
0.982921
0.982921
0.982921
0.982921
0.982921
0.982921
0.982921
0.982921
0.982921
0.982921
0.982921
0.982921
0.982921
0.982921
0.982921
0.982921
0.982921
0.982921
0.982921
0.982921
0.982921
0.982921
0.982921
0.982921
0.982921
0.982921
0.982921
0.982921
0.982921

0.0913429
0.1973
0.9947
0.994834
0.994835
0.994835
0.994835
0.994835
0.994835
0.994835
0.994835
0.994835
0.994835
0.994835
0.994835
0.994835
0.994835
0.994835
0.994835
0.994835
0.994835
0.994835
0.994835
0.994835
0.994835
0.994835
0.994835
0.994835
0.994835
0.994835
0.994835
0.994835
0.994835
0.994835
0.994835
0.994835
0.994835
0.994835
0.994835
0.994835
0.994835
0.994835
0.994835
0.994835
0.994835
0.994835
0.994835
0.994835
0.994835
0.994835
0.994835
0.994835
0.994835
0.994835
0.994835
0.994835
0.994835
0.994835
0.994835
0.994835
0.994835
0.994835
0.994835
0.994835
0.994835
0.994835
0.994835
0.994835
0.994835
0.994835
0.994835
0.994835
0.994835
0.994835
0.994835
0.994835
0.994835
0.994835
0.994835
0.994835
0.994835
0.994835
0.994835
0.994835
0.994835
0.994835
0.994835
0.994835
0.994835
0.994835
0.994835
0.994835
0.994835
0.994835
0.994835
0.994835
0.994835
0.994835
0.994835
0.994835
0.994835

0.0444252
0.730612
0.977478
0.975005
0.973841
0.972638
0.971391
0.970117
0.968893
0.967927
0.967713
0.969192
0.970953
0.977828
0.983538
0.986051
0.986164
0.969962
0.955387
0.954181
0.953045
0.951992
0.951009
0.950082
0.949195
0.860341
0.90308
0.876218
0.963344
0.968397
0.966708
0.965041
0.963713
0.963463
0.965486
0.975893
0.981806
0.987351
0.988108
0.98739
0.986127
0.984735
0.983361
0.982044
0.980783
0.979561
0.978358
0.977151
0.975919
0.974641
0.973298
0.971881
0.97041
0.968973
0.967824
0.967564
0.969269
0.975388
0.981917
0.986521
0.988083
0.987726
0.98658
0.985206
0.983819
0.982482
0.981203
0.97997
0.978763
0.97756
0.976339
0.975079
0.973759
0.972367
0.97091
0.968907
0.967936
0.967708
0.969159
0.973354
0.979774
0.985323
0.987842
0.987978
0.987011
0.985678
0.984283
0.982926
0.981629
0.980382
0.977662
0.976533
0.975402
0.974251
0.973064
0.971832
0.970563
0.964855
0.964056
0.96389
0.965151

0.00668212
0.938418
0.99645
0.996455
0.996455
0.996455
0.996455
0.996455
0.996455
0.996455
0.996455
0.996455
0.996455
0.996455
0.996455
0.996455
0.996455
0.996455
0.996455
0.996455
0.996455
0.996455
0.996455
0.996455
0.996455
0.996455
0.996455
0.996455
0.996455
0.996455
0.996455
0.996455
0.996455
0.996455
0.996455
0.996455
0.996455
0.996455
0.996455
0.996455
0.996455
0.996455
0.996455
0.996455
0.996455
0.996455
0.996455
0.996455
0.996455
0.996455
0.996455
0.996455
0.996455
0.996455
0.996455
0.996455
0.996455
0.996455
0.996455
0.996455
0.996455
0.996455
0.996455
0.996455
0.996455
0.996455
0.996455
0.996455
0.996455
0.996455
0.996455
0.996455
0.996455
0.996455
0.996455
0.996455
0.996455
0.996455
0.996455
0.996455
0.996455
0.996455
0.996455
0.996455
0.996455
0.996455
0.996455
0.996455
0.996455
0.996455
0.996455
0.996455
0.996455
0.996455
0.996455
0.996455
0.996455
0.996455
0.996455
0.996455
0.996455

0.0703955
0.79911
0.975153
0.985334
0.978035
0.986085
0.980832
0.9727
0.983618
0.977879
0.986709
0.981545
0.990714
0.984317
0.997614
0.986373
0.978065
0.987696
0.980308
0.982401
0.976162
0.981837
0.974431
0.981734
0.971314
0.971705
0.968561
0.959909
0.967097
0.960732
0.967753
0.962006
0.970885
0.963827
0.977096
0.966129
0.958145
0.968757
0.962831
0.971903
0.96687
0.975846
0.970029
0.984215
0.972932
0.967882
0.97574
0.963751
0.978667
0.968016
0.982204
0.976889
0.987142
0.979754
0.986887
0.976925
0.969985
0.985259
0.979511
0.98822
0.982944
0.991973
0.985282
0.998203
0.986576
0.977647
0.981041
0.973785
0.979743
0.972886
0.977905
0.97017
0.977581
0.967339
0.96164
0.957789
0.950824
0.966102
0.953153
0.968018
0.95568
0.972006
0.958356
0.974681
0.967719
0.954654
0.964075
0.958861
0.973702
0.962807
0.971374
0.965951
0.977146
0.968841
0.965567
0.971656
0.96562
0.974566
0.969833
0.978085
0.973151

0.233152
0.989464
0.979555
0.998268
0.989704
0.980234
0.997774
0.990305
0.980931
0.996636
0.990914
0.980642
0.994739
0.991534
0.981247
0.992115
0.992167
0.981848
0.989007
0.992815
0.982442
0.985821
0.991632
0.983028
0.982973
0.992287
0.983604
0.977742
0.963873
0.681052
0.918311
0.99555
0.986177
0.977961
0.996244
0.986779
0.977802
0.996913
0.987373
0.977986
0.99752
0.987964
0.978399
0.99801
0.988554
0.978955
0.998296
0.989144
0.979593
0.998255
0.989739
0.980273
0.997728
0.990339
0.980971
0.996548
0.990949
0.98167
0.994607
0.99157
0.982361
0.991947
0.992204
0.983039
0.988822
0.992853
0.982476
0.985646
0.993518
0.983061
0.982827
0.994198
0.983637
0.980628
0.994891
0.984205
0.979121
0.993676
0.984766
0.97824
0.988497
0.970696
0.734393
0.873464
0.987407
0.978005
0.997552
0.987998
0.978428
0.998033
0.988587
0.978989
0.998304
0.989178
0.979631
0.998239
0.989773
0.980313
0.997679
0.990374
0.981011

0.0694026
0.951173
0.998415
0.99842
0.99842
0.99842
0.99842
0.99842
0.99842
0.99842
0.99842
0.99842
0.99842
0.99842
0.99842
0.99842
0.99842
0.99842
0.99842
0.99842
0.99842
0.99842
0.99842
0.99842
0.99842
0.99842
0.99842
0.99842
0.99842
0.99842
0.99842
0.99842
0.99842
0.99842
0.99842
0.99842
0.99842
0.99842
0.99842
0.99842
0.99842
0.99842
0.99842
0.99842
0.99842
0.99842
0.99842
0.99842
0.99842
0.99842
0.99842
0.99842
0.99842
0.99842
0.99842
0.99842
0.99842
0.99842
0.99842
0.99842
0.99842
0.99842
0.99842
0.99842
0.99842
0.99842
0.99842
0.99842
0.99842
0.99842
0.99842
0.99842
0.99842
0.99842
0.99842
0.99842
0.99842
0.99842
0.99842
0.99842
0.99842
0.99842
0.99842
0.99842
0.996444
0.996444
0.996444
0.990535
0.949523
0.903355
0.186988
0.990535
0.0627903
0.980754
0.99056
0.996456
0.996456
0.996456
0.996456
0.996456
0.996456

0.0108059
0.958169
0.975147
0.978787
0.981472
0.983712
0.986039
0.989073
0.99294
0.97844
0.973994
0.9781
0.980971
0.983257
0.985523
0.988345
0.992303
0.98374
0.973133
0.977361
0.980446
0.982801
0.98503
0.987677
0.991449
0.988829
0.97269
0.975712
0.978699
0.98234
0.984553
0.98706
0.990564
0.991948
0.973241
0.970389
0.97316
0.975308
0.977235
0.979377
0.98236
0.991227
0.972412
0.969768
0.963869
0.708575
0.974916
0.985945
0.988939
0.992857
0.977821
0.973831
0.977973
0.980879
0.983176
0.985434
0.988222
0.992159
0.984729
0.973002
0.977223
0.98035
0.98272
0.984944
0.987563
0.99129
0.989554
0.972524
0.976407
0.979788
0.982257
0.98447
0.986954
0.99041
0.992269
0.973473
0.975525
0.979189
0.981784
0.984007
0.986387
0.989576
0.993054
0.975837
0.974051
0.977476
0.979992
0.982094
0.985852
0.988807
0.992757
0.977902
0.969141
0.971998
0.974391
0.976365
0.978351
0.980854
0.984538
0.98372
0.804269

0.0105264
0.957533
0.999382
0.999382
0.999382
0.999382
0.999382
0.999382
0.999382
0.999382
0.999382
0.999382
0.999382
0.999382
0.999382
0.999382
0.999382
0.999382
0.999382
0.999382
0.999382
0.999382
0.999382
0.999382
0.999382
0.999382
0.999382
0.999382
0.999382
0.999382
0.999382
0.999382
0.999382
0.999382
0.99741
0.99741
0.99741
0.967987
0.904273
0.80851
0.875771
0.80851
0.997409
0.999382
0.999382
0.999382
0.999382
0.999382
0.999382
0.999382
0.999382
0.999382
0.999382
0.999382
0.999382
0.999382
0.999382
0.999382
0.999382
0.999382
0.999382
0.999382
0.999382
0.999382
0.999382
0.999382
0.999382
0.999382
0.999382
0.999382
0.999382
0.999382
0.999382
0.999382
0.999382
0.999382
0.999382
0.999382
0.999382
0.999382
0.999382
0.999382
0.999382
0.999382
0.999382
0.999382
0.999382
0.999382
0.999382
0.999382
0.999382
0.999382
0.999382
0.999382
0.999382
0.999382
0.999382
0.999382
0.999382
0.999382
0.999382

0.0894908
0.997305
0.998243
0.998243
0.998243
0.998243
0.998243
0.998243
0.998243
0.998243
0.998243
0.998243
0.998243
0.998243
0.998243
0.998243
0.998243
0.998243
0.998243
0.998243
0.998243
0.998243
0.998243
0.998243
0.998243
0.998243
0.998243
0.998243
0.998243
0.998243
0.998243
0.998243
0.998243
0.998243
0.998243
0.998243
0.998243
0.998243
0.998243
0.998243
0.998243
0.998243
0.998243
0.998243
0.998243
0.998243
0.998243
0.998243
0.998243
0.998243
0.998243
0.998243
0.998243
0.998243
0.998243
0.998243
0.998243
0.998243
0.998243
0.998243
0.998243
0.998243
0.998243
0.998243
0.998243
0.998243
0.998243
0.998243
0.998243
0.998243
0.998243
0.998243
0.998243
0.998243
0.998243
0.998243
0.998243
0.998243
0.998243
0.998243
0.998243
0.998243
0.998243
0.998243
0.998243
0.998243
0.998243
0.998243
0.998243
0.998243
0.998243
0.998243
0.998243
0.998243
0.998243
0.998243
0.998243
0.998243
0.998243
0.998243
0.998243

