0.00407031
0.00183479
0.0395164
0.043357
0.102472
0.0570162
0.0416441
0.0546618
0.0963591
0.115098
0.0739533
0.0612599
0.063191
0.101772
0.0554196
0.0693911
0.0871873
0.0736287
0.0112111
0.0405551
0.00436227
0.0286206
0.0427381
0.0731091
0.0663987
0.0908483
0.0368637
0.044423
0.0503474
0.0648277
0.0232965
0.0116719
0.0293348
0.073482
0.0253137
0.0488749
0.00746119
0.04299
0.00749866
0.0206524
0.0735687
0.0547601
0.0341639
0.0106925
0.0246821
0.0227107
0.0495681
0.0274747
0.0468555
0.00173606
0.0415447
0.0406973
0.0424959
0.0493205
0.0101702
0.0252933
0.0045098
0.0113726
0.0173944
0.0170801
0.0512131
0.0607682
0.00722898
0.0197469
0.0425026
0.0248706
0.034834
0.0275215
0.0258076
0.00884177
0.0360318
0.0264948
0.0458455
0.0429905
0.0363436
0.131305
0.115065
0.0335863
0.0198745
0.00510124
0.0375449
0.0214667
0.0224547
0.0459022
0.0330239
0.0808544
0.0657194
0.0665673
0.0659524
0.0807039
0.0529943
0.069875
0.0137857
0.0300183
0.0633018
0.0742866
0.0129811
0.0177841
0.0107668
0.0249874
0.014495

0.0725571
0.0201457
0.0917252
0.144358
0.185
0.175645
0.198607
0.224084
0.225046
0.147508
0.0741115
0.00638901
0.0300787
0.106378
0.163453
0.16474
0.199249
0.308924
0.464581
0.449826
0.537894
0.657604
0.600615
0.497233
0.667545
0.602321
0.672498
0.624072
0.627984
0.678313
0.714834
0.744705
0.727902
0.707367
0.724894
0.795698
0.696976
0.684757
0.75322
0.701333
0.76271
0.726122
0.646959
0.60044
0.712547
0.696118
0.724422
0.696383
0.737865
0.735634
0.681679
0.679483
0.683543
0.694434
0.769618
0.827458
0.740742
0.72026
0.80335
0.744634
0.713227
0.671979
0.767319
0.745712
0.72008
0.738385
0.740864
0.705383
0.722085
0.783392
0.664373
0.708913
0.743895
0.746156
0.680763
0.703619
0.7182
0.764954
0.751868
0.79122
0.831019
0.761487
0.771211
0.768326
0.698072
0.686546
0.688421
0.701478
0.736965
0.788646
0.750381
0.766869
0.693255
0.747887
0.694765
0.716664
0.709678
0.726885
0.702606
0.749432
0.746593

0.025993
0.00246654
0.00669383
0.0428403
0.0289129
0.0409514
0.0127236
0.00922968
0.0643633
0.125291
0.269693
0.429904
0.603157
0.718583
0.782172
0.848886
0.869527
0.897102
0.883315
0.921861
0.914072
0.900759
0.918691
0.902924
0.886235
0.90368
0.883561
0.94002
0.92835
0.881226
0.888427
0.901586
0.907016
0.922919
0.907971
0.937098
0.922047
0.875884
0.881711
0.872163
0.922378
0.903971
0.886462
0.927839
0.928326
0.899716
0.918444
0.883157
0.90675
0.895349
0.857467
0.886678
0.916636
0.943745
0.925971
0.886158
0.894396
0.894075
0.886561
0.910544
0.890998
0.932436
0.899246
0.865191
0.897847
0.926777
0.899917
0.890187
0.865707
0.912031
0.913139
0.892601
0.882066
0.859619
0.872121
0.859828
0.848481
0.93003
0.918981
0.882002
0.866974
0.833502
0.879605
0.865031
0.844209
0.826991
0.835455
0.853889
0.877467
0.845171
0.886571
0.846398
0.79312
0.818896
0.81271
0.881512
0.87638
0.820638
0.853727
0.867429
0.804455

0.0550232
0.0483177
0.0511523
0.0335758
0.169919
0.638576
0.85656
0.94852
0.973257
0.984977
0.967561
0.964733
0.974214
0.984939
0.960534
0.956391
0.965019
0.979059
0.960106
0.956533
0.96524
0.955869
0.91695
0.885186
0.862314
0.893066
0.841076
0.718329
0.47604
0.36435
0.138931
0.60792
0.82817
0.938064
0.103074
0.227873
0.301055
0.418463
0.632059
0.845084
0.934265
0.915727
0.954684
0.962865
0.981361
0.977194
0.962855
0.972464
0.983698
0.982801
0.96714
0.972725
0.983926
0.982492
0.967028
0.972987
0.98415
0.982164
0.966935
0.973251
0.984369
0.98182
0.966859
0.973516
0.984583
0.983433
0.9668
0.973783
0.984792
0.983044
0.966758
0.974052
0.984996
0.982638
0.966732
0.974322
0.985193
0.982217
0.966723
0.974593
0.985385
0.981782
0.966728
0.974864
0.985569
0.981333
0.966748
0.975137
0.985747
0.980872
0.966783
0.975411
0.985918
0.9804
0.966831
0.975685
0.98608
0.979918
0.966892
0.975959
0.986235

0.0306569
0.036559
0.190816
0.757175
0.925514
0.960709
0.89995
0.940295
0.937638
0.922922
0.93628
0.926296
0.965185
0.915901
0.909661
0.943951
0.924236
0.954444
0.934895
0.921314
0.911198
0.934884
0.972356
0.930806
0.901937
0.920964
0.941284
0.943654
0.943371
0.926401
0.914014
0.915853
0.941022
0.942694
0.902371
0.924983
0.913698
0.903052
0.901511
0.901662
0.907893
0.850353
0.854002
0.875557
0.821974
0.884783
0.854694
0.807155
0.815824
0.74757
0.840222
0.791248
0.756
0.743723
0.674138
0.727265
0.742345
0.695222
0.525527
0.516636
0.310975
0.141368
0.0189856
0.242073
0.634386
0.810575
0.745541
0.939464
0.406167
0.457057
0.243414
0.244198
0.578337
0.524496
0.582813
0.698085
0.661733
0.791618
0.751448
0.716475
0.702818
0.783048
0.908188
0.821379
0.837151
0.90888
0.884591
0.934325
0.910619
0.891204
0.878277
0.913753
0.961333
0.932336
0.917219
0.934399
0.926534
0.931047
0.942794
0.936709
0.926595

0.0154883
0.159503
0.549609
0.909603
0.960198
0.968589
0.98499
0.979178
0.971863
0.963702
0.957552
0.955667
0.955631
0.953291
0.954651
0.975652
0.97455
0.975599
0.97687
0.977177
0.975039
0.969032
0.958678
0.946853
0.965629
0.962268
0.962723
0.964457
0.966574
0.968654
0.970267
0.969132
0.966417
0.986087
0.977151
0.968157
0.960121
0.956964
0.956612
0.957487
0.958009
0.954938
0.978976
0.977048
0.977516
0.978123
0.977201
0.973123
0.965539
0.956194
0.945429
0.967321
0.964435
0.964834
0.966562
0.968667
0.970728
0.972306
0.97243
0.967543
0.98474
0.974337
0.964789
0.958747
0.957345
0.958048
0.959495
0.960569
0.958096
0.979705
0.979663
0.979243
0.978802
0.976135
0.970007
0.961836
0.954585
0.946654
0.964839
0.967066
0.967087
0.968696
0.970731
0.972701
0.974081
0.973804
0.968235
0.974932
0.971442
0.96175
0.958518
0.958418
0.959789
0.961583
0.963018
0.962615
0.971256
0.982388
0.980625
0.978621
0.973815

0.0378397
0.210687
0.0534634
0.742701
0.791002
0.74092
0.229481
0.715314
0.468036
0.840202
0.952889
0.950472
0.948186
0.970615
0.937936
0.965967
0.960733
0.954957
0.928247
0.97427
0.961551
0.937727
0.980283
0.952626
0.955428
0.95219
0.96513
0.952036
0.96461
0.959575
0.950928
0.979889
0.947175
0.942943
0.97458
0.960474
0.956799
0.950931
0.974467
0.939818
0.969997
0.943805
0.955769
0.97942
0.94896
0.958831
0.964741
0.96241
0.936636
0.977867
0.968979
0.946209
0.971801
0.959062
0.959536
0.958531
0.949408
0.966138
0.968565
0.964216
0.934084
0.983127
0.947465
0.950782
0.963177
0.960117
0.963808
0.957857
0.958805
0.945851
0.971547
0.949026
0.956161
0.983279
0.94838
0.950732
0.968505
0.961439
0.938636
0.95803
0.974226
0.950497
0.972817
0.932472
0.966327
0.958967
0.948228
0.946693
0.961128
0.954963
0.92693
0.962943
0.935754
0.930281
0.942938
0.930707
0.927818
0.861844
0.86065
0.825065
0.707469

0.0126758
0.0245342
0.263583
0.905784
0.983369
0.978984
0.977646
0.977062
0.976743
0.976547
0.976416
0.976326
0.976261
0.976214
0.976179
0.976152
0.976132
0.976115
0.976102
0.97609
0.97608
0.97607
0.976059
0.976048
0.976035
0.97602
0.976003
0.975982
0.975958
0.975929
0.975894
0.975852
0.9742
0.974141
0.974068
0.973973
0.973849
0.973679
0.973432
0.973044
0.972347
0.970748
0.965615
0.984072
0.979938
0.978594
0.976237
0.975883
0.97565
0.975484
0.975358
0.975258
0.975174
0.975102
0.975039
0.974982
0.974928
0.974878
0.97483
0.974783
0.974736
0.974689
0.974642
0.974594
0.974544
0.974492
0.974438
0.97438
0.974318
0.974251
0.974178
0.974096
0.974004
0.973898
0.968348
0.968204
0.96802
0.967774
0.967412
0.966811
0.965567
0.961868
0.983206
0.972511
0.971049
0.970383
0.969998
0.969742
0.969554
0.969406
0.969284
0.969179
0.969085
0.968999
0.96892
0.968844
0.968772
0.968701
0.968632
0.968564
0.968496

0.0886139
0.558967
0.966972
0.9784
0.969387
0.987212
0.983933
0.970225
0.981163
0.987878
0.973476
0.973332
0.989765
0.977993
0.969737
0.988196
0.982821
0.966352
0.975697
0.979462
0.963106
0.960827
0.982035
0.944484
0.910966
0.423012
0.578428
0.965127
0.984393
0.984139
0.970785
0.977487
0.989206
0.97432
0.971674
0.989452
0.97875
0.969251
0.985811
0.985159
0.970181
0.979184
0.988672
0.973352
0.972807
0.989726
0.979341
0.969496
0.987042
0.984103
0.97031
0.980898
0.987995
0.973629
0.974131
0.989776
0.978174
0.969674
0.988058
0.982997
0.969822
0.982573
0.987198
0.972678
0.974468
0.98962
0.977022
0.970168
0.988842
0.981857
0.969492
0.984157
0.9863
0.968899
0.970801
0.981731
0.967199
0.958135
0.972253
0.931902
0.686919
0.47771
0.936892
0.970267
0.978916
0.988765
0.973499
0.972617
0.989698
0.977822
0.969444
0.986863
0.984271
0.969771
0.980631
0.988109
0.972584
0.973913
0.989782
0.978355
0.969867

0.0222473
0.115965
0.664052
0.977999
0.996436
0.981889
0.988767
0.970253
0.976582
0.959323
0.978413
0.97662
0.987832
0.972965
0.976524
0.97616
0.965468
0.982593
0.981888
0.993928
0.975777
0.981943
0.963029
0.970293
0.959228
0.984383
0.985017
0.982382
0.987646
0.97093
0.97771
0.963179
0.986178
0.979947
0.988032
0.969038
0.976198
0.959817
0.967487
0.984098
0.985433
0.994632
0.976374
0.982863
0.964199
0.971871
0.963279
0.98878
0.975991
0.982608
0.97581
0.970244
0.976657
0.967984
0.994025
0.980467
0.988269
0.969165
0.975154
0.955638
0.970872
0.975437
0.987123
0.989924
0.975748
0.982364
0.961176
0.974677
0.970243
0.992154
0.975077
0.982448
0.961856
0.965665
0.966725
0.973278
0.996958
0.980946
0.989141
0.96533
0.975962
0.956942
0.972992
0.974896
0.986456
0.975706
0.970838
0.978143
0.961938
0.979761
0.978056
0.994084
0.970561
0.975581
0.959842
0.966212
0.958149
0.98
0.988239
0.976024
0.987295

0.00906223
0.277806
0.953196
0.976468
0.969686
0.981817
0.981735
0.970715
0.960258
0.973749
0.991308
0.985839
0.954848
0.963099
0.981932
0.992385
0.973894
0.959439
0.971407
0.984125
0.975672
0.976443
0.972435
0.975664
0.967996
0.971765
0.986953
0.983207
0.962417
0.961537
0.979227
0.994606
0.977039
0.954109
0.968364
0.986083
0.985705
0.970937
0.964
0.975111
0.97895
0.972013
0.980717
0.976351
0.971405
0.963049
0.97636
0.991703
0.97976
0.953659
0.963586
0.984616
0.993611
0.967642
0.957572
0.972614
0.986704
0.976527
0.972985
0.96891
0.976782
0.964976
0.974136
0.985497
0.978031
0.959431
0.961283
0.979693
0.994664
0.968875
0.948264
0.963822
0.981264
0.979466
0.961436
0.958375
0.97225
0.96522
0.962238
0.974358
0.969817
0.959845
0.942821
0.9278
0.677181
0.846614
0.669141
0.902203
0.969626
0.975488
0.94415
0.940049
0.974014
0.989223
0.978298
0.962385
0.964326
0.980019
0.972963
0.975223
0.974239

0.0207159
0.147679
0.928087
0.951315
0.954881
0.912611
0.91754
0.957768
0.893841
0.862528
0.124679
0.930843
0.949967
0.946121
0.927606
0.9534
0.958033
0.968344
0.966365
0.945373
0.985451
0.970331
0.959189
0.963937
0.950388
0.976554
0.965269
0.9452
0.957695
0.959229
0.95977
0.959664
0.933469
0.955077
0.958995
0.942439
0.949083
0.925863
0.954415
0.926393
0.918987
0.932459
0.911593
0.291017
0.969068
0.949372
0.95777
0.976592
0.960106
0.971846
0.947808
0.950443
0.974649
0.950263
0.959959
0.944426
0.955504
0.96835
0.943103
0.943858
0.952519
0.947717
0.959002
0.938963
0.932909
0.96793
0.95192
0.964417
0.957075
0.958524
0.986165
0.958189
0.943822
0.926275
0.925109
0.909676
0.669503
0.91094
0.959402
0.958644
0.957744
0.952924
0.931345
0.971335
0.952978
0.940076
0.946375
0.93958
0.962001
0.950073
0.93426
0.954893
0.962895
0.968271
0.970114
0.945948
0.979109
0.973516
0.959184
0.965907
0.944419

0.149296
0.919878
0.97376
0.988443
0.942252
0.941934
0.971387
0.96716
0.957689
0.976975
0.971224
0.952916
0.949081
0.965913
0.963753
0.972441
0.975198
0.954356
0.961513
0.957189
0.947454
0.969744
0.988837
0.963949
0.947463
0.968516
0.961299
0.946337
0.974587
0.995304
0.949191
0.947396
0.972001
0.958831
0.949916
0.979058
0.987002
0.953999
0.950317
0.967054
0.962812
0.960072
0.978992
0.971816
0.963283
0.953386
0.954097
0.967671
0.975026
0.968925
0.966083
0.97189
0.951919
0.945591
0.973877
0.986237
0.957399
0.965019
0.975728
0.948877
0.947299
0.978969
0.984619
0.957158
0.964757
0.970088
0.950804
0.953938
0.979024
0.9757
0.966426
0.962821
0.954767
0.961829
0.962972
0.968484
0.973943
0.978515
0.955292
0.94545
0.971412
0.971367
0.956579
0.977097
0.985885
0.940073
0.947263
0.978022
0.972146
0.952128
0.980284
0.981118
0.937226
0.950382
0.978692
0.969132
0.961589
0.98024
0.96285
0.947452
0.956528

0.0280318
0.740903
0.985692
0.989993
0.995442
0.984286
0.978958
0.984438
0.988686
0.993626
0.994676
0.977206
0.983015
0.987438
0.991965
0.997185
0.97683
0.981423
0.986199
0.990488
0.996079
0.981172
0.979635
0.984918
0.989146
0.994268
0.992076
0.977781
0.983543
0.987883
0.992539
0.996945
0.97664
0.982017
0.986646
0.991
0.996645
0.978834
0.980298
0.985386
0.989616
0.994926
0.988683
0.97843
0.984051
0.988331
0.993139
0.996024
0.976858
0.982586
0.987091
0.991532
0.997056
0.977398
0.980939
0.985845
0.990099
0.995584
0.985029
0.979106
0.984543
0.988785
0.993764
0.994194
0.977321
0.983131
0.987534
0.992087
0.997178
0.976744
0.981554
0.986296
0.990597
0.99621
0.981755
0.979781
0.985021
0.989247
0.99441
0.991393
0.977917
0.983655
0.98798
0.992667
0.996811
0.976659
0.982143
0.986743
0.991114
0.996751
0.979283
0.980439
0.985487
0.98972
0.99507
0.987889
0.978576
0.984159
0.988429
0.993272
0.99571

0.0802818
0.855744
0.97535
0.978788
0.98163
0.98418
0.986846
0.990034
0.993308
0.985297
0.9729
0.975657
0.979084
0.98188
0.984424
0.987122
0.990377
0.993423
0.983369
0.972879
0.976015
0.979375
0.982128
0.98467
0.987404
0.990724
0.993434
0.981446
0.973008
0.976368
0.979659
0.982375
0.984917
0.987692
0.991074
0.993308
0.979621
0.97321
0.976715
0.979938
0.982619
0.985166
0.987986
0.991424
0.99301
0.977971
0.973467
0.977056
0.980212
0.982863
0.985418
0.988286
0.991772
0.992502
0.975617
0.973764
0.97739
0.980482
0.983105
0.985672
0.988592
0.992112
0.991751
0.974618
0.974088
0.977717
0.980747
0.983348
0.98593
0.988906
0.992439
0.99073
0.973867
0.97443
0.978037
0.981008
0.98359
0.986192
0.989226
0.992742
0.989432
0.973345
0.974783
0.97835
0.981265
0.983832
0.986457
0.989553
0.993012
0.986106
0.973023
0.975141
0.978657
0.98152
0.984074
0.984656
0.987923
0.991326
0.978838
0.968915
0.972525

0.064435
0.969778
0.988852
0.980995
0.982475
0.992184
0.976792
0.994593
0.974273
0.990533
0.978477
0.98429
0.989903
0.978215
0.994779
0.974456
0.992051
0.976476
0.986118
0.98711
0.979812
0.994317
0.975107
0.993331
0.97511
0.987922
0.984086
0.981529
0.993123
0.976128
0.994271
0.974749
0.989657
0.98115
0.98332
0.991194
0.977432
0.994753
0.974347
0.991268
0.978582
0.985146
0.988644
0.978945
0.99465
0.97448
0.992686
0.976574
0.986968
0.985704
0.979394
0.993852
0.975057
0.99382
0.97521
0.988746
0.982682
0.980998
0.992308
0.975986
0.994562
0.974489
0.99043
0.979888
0.982678
0.990066
0.977185
0.994785
0.974348
0.990109
0.974686
0.978904
0.985202
0.964779
0.986648
0.962473
0.975898
0.954841
0.957765
0.965906
0.953166
0.764824
0.738605
0.986254
0.974426
0.989549
0.979927
0.983205
0.989378
0.977342
0.994739
0.974284
0.99117
0.977597
0.985029
0.986952
0.978843
0.994676
0.974669
0.992603
0.975844

0.0367504
0.988114
0.997952
0.997952
0.997952
0.997952
0.997952
0.997952
0.997952
0.997952
0.997952
0.997952
0.997952
0.997952
0.997952
0.997952
0.997952
0.997952
0.997952
0.997952
0.997952
0.997952
0.997952
0.997952
0.997952
0.997952
0.997952
0.997952
0.997952
0.997952
0.997952
0.997952
0.997952
0.997952
0.997952
0.997952
0.997952
0.997952
0.997952
0.997952
0.997952
0.997952
0.997952
0.997952
0.997952
0.997952
0.997952
0.997952
0.997952
0.997952
0.997952
0.997952
0.997952
0.997952
0.997952
0.997952
0.997952
0.997952
0.997952
0.997952
0.997952
0.997952
0.997952
0.997952
0.997952
0.997952
0.997952
0.997952
0.997952
0.997952
0.997952
0.997952
0.997952
0.997952
0.997952
0.997952
0.997952
0.997952
0.997952
0.997952
0.997952
0.997952
0.997952
0.997952
0.997952
0.997952
0.997952
0.997952
0.997952
0.997952
0.997952
0.997952
0.997952
0.997952
0.997952
0.997952
0.997952
0.997952
0.997952
0.997952
0.997952

0.0401218
0.790956
0.976209
0.967856
0.967534
0.946169
0.960147
0.956014
0.973573
0.967431
0.970415
0.952459
0.958331
0.965418
0.971453
0.982988
0.972955
0.96873
0.956749
0.972607
0.969264
0.985559
0.974574
0.970611
0.95545
0.969132
0.966981
0.981924
0.975072
0.97139
0.954524
0.96565
0.962722
0.97866
0.97453
0.973241
0.954088
0.962929
0.954521
0.968381
0.970652
0.973302
0.950606
0.956334
0.951598
0.965912
0.968115
0.975069
0.951254
0.946904
0.938516
0.954254
0.947512
0.970111
0.944557
0.946277
0.933602
0.952147
0.94178
0.970054
0.944916
0.946344
0.915962
0.937132
0.925681
0.959463
0.943964
0.903484
0.857774
0.847478
0.667934
0.97425
0.889442
0.898787
0.956328
0.953741
0.969772
0.967023
0.965757
0.946772
0.952681
0.951311
0.965986
0.965045
0.974664
0.94868
0.950078
0.948821
0.962809
0.962758
0.973545
0.950862
0.956516
0.952532
0.966177
0.965447
0.977894
0.966575
0.956346
0.949785
0.963673

0.0436075
0.938967
0.970072
0.986887
0.972961
0.936115
0.97137
0.996612
0.960959
0.944004
0.967177
0.997075
0.953358
0.95828
0.973254
0.97522
0.958115
0.970492
0.982818
0.950063
0.962798
0.982887
0.985322
0.942298
0.957656
0.993786
0.976668
0.945253
0.958531
0.99488
0.965286
0.954666
0.96956
0.978905
0.960897
0.966187
0.981067
0.961673
0.9545
0.978325
0.989451
0.950126
0.946348
0.987654
0.989263
0.946744
0.953623
0.984774
0.979064
0.950492
0.965151
0.978053
0.9647
0.962488
0.977402
0.97386
0.946616
0.972583
0.988554
0.963861
0.936643
0.977833
0.995204
0.95571
0.943623
0.971866
0.99052
0.954112
0.954279
0.975531
0.969906
0.958312
0.971428
0.980323
0.945062
0.963356
0.983395
0.976427
0.939625
0.951723
0.995157
0.967773
0.943811
0.951855
0.994221
0.962092
0.952272
0.968808
0.971273
0.960726
0.962793
0.978753
0.953945
0.950583
0.974164
0.982038
0.941947
0.932281
0.974075
0.959617
0.447834

0.027513
0.973366
0.998326
0.998326
0.998326
0.998326
0.998326
0.998326
0.998326
0.998326
0.998326
0.998326
0.998326
0.998326
0.998326
0.998326
0.998326
0.998326
0.998326
0.998326
0.998326
0.998326
0.998326
0.998326
0.998326
0.998326
0.998326
0.998326
0.998326
0.998326
0.998326
0.998326
0.998326
0.998326
0.998326
0.998326
0.998326
0.998326
0.998326
0.998326
0.998326
0.998326
0.998326
0.998326
0.998326
0.998326
0.998326
0.998326
0.998326
0.998326
0.998326
0.998326
0.998326
0.998326
0.998326
0.998326
0.998326
0.998326
0.998326
0.998326
0.998326
0.998326
0.998326
0.998326
0.998326
0.998326
0.998326
0.998326
0.998326
0.998326
0.998326
0.998326
0.998326
0.998326
0.998326
0.998326
0.998326
0.998326
0.998326
0.998326
0.998326
0.998326
0.998326
0.998326
0.998326
0.998326
0.998326
0.998326
0.998326
0.998326
0.998326
0.998326
0.998326
0.998326
0.998326
0.998326
0.998326
0.998326
0.998326
0.998326
0.998326

0.106689
0.998448
0.99881
0.99881
0.99881
0.99881
0.99881
0.99881
0.99881
0.99881
0.99881
0.99881
0.99881
0.99881
0.99881
0.99881
0.99881
0.99881
0.99881
0.99881
0.99881
0.99881
0.99881
0.99881
0.99881
0.99881
0.99881
0.99881
0.99881
0.99881
0.99881
0.99881
0.99881
0.99881
0.99881
0.99881
0.99881
0.99881
0.99881
0.99881
0.99881
0.99881
0.99881
0.99881
0.99881
0.99881
0.99881
0.99881
0.99881
0.99881
0.99881
0.99881
0.99881
0.99881
0.99881
0.99881
0.99881
0.99881
0.99881
0.99881
0.99881
0.99881
0.99881
0.99881
0.99881
0.99881
0.99881
0.99881
0.99881
0.99881
0.99881
0.99881
0.99881
0.99881
0.99881
0.99881
0.99881
0.99881
0.99881
0.99881
0.99881
0.99881
0.99881
0.99881
0.99881
0.99881
0.99881
0.99881
0.99881
0.99881
0.99881
0.996839
0.990934
0.981117
0.84332
0.683737
0.683728
0.875267
0.990935
0.99684
0.99684

