0.0929781
0.134989
0.110098
0.048329
0.00353369
0.0133814
0.00429705
0.00798708
0.0422712
0.0418862
0.100903
0.0519788
0.0295066
0.0654509
0.0650484
0.110167
0.159027
0.119918
0.114783
0.08245
0.0138668
0.102791
0.0644438
0.0664322
0.114456
0.065063
0.120223
0.0325024
0.00947919
0.042993
0.0164966
0.0219244
0.064655
0.0267521
0.0665985
0.0256237
0.0134519
0.124194
0.0778968
0.128348
0.174471
0.177714
0.145502
0.0840859
0.0686473
0.070055
0.0869118
0.00252355
0.0182419
0.0392211
0.0422007
0.141679
0.116899
0.163385
0.161778
0.117273
0.167591
0.151129
0.128249
0.125267
0.116879
0.0989047
0.0895691
0.0674399
0.0767153
0.10449
0.045501
0.0313171
0.00436077
0.00713886
0.0109503
0.0260452
0.00727492
0.00307145
0.031247
0.0284156
0.0396602
0.00781149
0.0225249
0.0266902
0.0614093
0.0534944
0.10342
0.0497874
0.00790617
0.0549055
0.0908667
0.107885
0.0653693
0.0400066
0.0117189
0.0410037
0.0838838
0.0711255
0.0827772
0.0581216
0.0904499
0.0658368
0.0179523
0.0183985
0.000237997

0.129571
0.112265
0.153888
0.205685
0.223165
0.260477
0.265506
0.287334
0.340261
0.364696
0.367601
0.435592
0.438413
0.469277
0.469294
0.46093
0.259764
0.393344
0.272768
0.378766
0.26038
0.271703
0.338561
0.353615
0.336596
0.541049
0.61928
0.646497
0.634271
0.640428
0.652399
0.655348
0.59736
0.648511
0.648201
0.60066
0.636572
0.719015
0.743122
0.763237
0.82553
0.84366
0.840734
0.804087
0.5901
0.650707
0.542653
0.611978
0.767397
0.686183
0.642147
0.673804
0.389763
0.323147
0.377343
0.192757
0.0648676
0.132404
0.0624891
0.00837748
0.0902109
0.0555111
0.0799869
0.0435721
0.0308743
0.0690318
0.163328
0.107804
0.222685
0.384639
0.287211
0.398762
0.430027
0.267892
0.32306
0.466301
0.532735
0.584631
0.617626
0.550062
0.542298
0.59474
0.582605
0.573454
0.583721
0.501224
0.503836
0.560474
0.579757
0.573486
0.642383
0.615328
0.590952
0.632283
0.620625
0.657082
0.678919
0.694527
0.676243
0.622904
0.620253

0.0948794
0.115504
0.151248
0.0670634
0.0619704
0.220886
0.578843
0.773502
0.815014
0.859041
0.863731
0.857006
0.826777
0.824878
0.87111
0.860949
0.847988
0.869946
0.83507
0.834008
0.861724
0.858845
0.874974
0.883668
0.845295
0.822013
0.861743
0.916025
0.868805
0.826984
0.845436
0.887924
0.876216
0.845788
0.899927
0.877987
0.845811
0.87447
0.921096
0.863719
0.851995
0.874491
0.888203
0.904818
0.870614
0.857274
0.879022
0.887554
0.891648
0.88063
0.881815
0.863583
0.867729
0.882546
0.891969
0.909831
0.87013
0.85212
0.877424
0.908651
0.857015
0.871754
0.914436
0.876636
0.852219
0.839313
0.902978
0.89236
0.869739
0.895382
0.867471
0.823961
0.866378
0.922874
0.908801
0.85269
0.852756
0.843364
0.883928
0.914818
0.886967
0.856982
0.862494
0.870567
0.872472
0.908313
0.887365
0.879921
0.853491
0.864764
0.912951
0.866773
0.855117
0.875113
0.913614
0.870611
0.850568
0.881767
0.91345
0.876799
0.871869

0.0748279
0.231946
0.449813
0.647343
0.842228
0.906549
0.911057
0.939224
0.930983
0.961331
0.93824
0.954263
0.948569
0.918583
0.951631
0.954585
0.956302
0.933289
0.933604
0.958841
0.94079
0.946437
0.947581
0.94468
0.939283
0.939824
0.963306
0.934599
0.938211
0.943373
0.958992
0.948883
0.923704
0.956684
0.931765
0.956588
0.947246
0.946287
0.943158
0.915026
0.973998
0.949276
0.946407
0.93242
0.935359
0.962374
0.934384
0.95797
0.943994
0.932748
0.945379
0.950964
0.957969
0.928985
0.938918
0.957463
0.947368
0.943043
0.937863
0.950897
0.938844
0.948436
0.958336
0.93596
0.936723
0.931354
0.97134
0.944219
0.934442
0.94919
0.932244
0.958445
0.932113
0.962435
0.938419
0.924308
0.963116
0.945677
0.952319
0.923518
0.950796
0.958833
0.936462
0.94482
0.939735
0.944662
0.942168
0.958701
0.953874
0.927864
0.931321
0.954925
0.96329
0.938876
0.934476
0.947445
0.938849
0.951956
0.950215
0.95311
0.93248

0.0869629
0.16413
0.412584
0.699293
0.888992
0.927025
0.962665
0.940604
0.971293
0.950871
0.950753
0.969672
0.944585
0.962996
0.954162
0.955197
0.947162
0.968156
0.932996
0.965984
0.949459
0.94432
0.962237
0.947381
0.950285
0.953069
0.953869
0.935659
0.968116
0.928982
0.956296
0.947379
0.941161
0.947697
0.94377
0.936499
0.943249
0.94801
0.920905
0.962706
0.9216
0.943764
0.94126
0.937202
0.933193
0.945643
0.929886
0.93495
0.952223
0.915863
0.955251
0.923161
0.936848
0.936154
0.940319
0.921306
0.946795
0.927989
0.927219
0.951444
0.917322
0.942031
0.917928
0.930386
0.924952
0.929029
0.910546
0.929833
0.898807
0.87256
0.875579
0.753926
0.777219
0.762774
0.726738
0.638332
0.450698
0.134123
0.704786
0.909362
0.0185048
0.52364
0.767426
0.783853
0.801156
0.810234
0.790568
0.854365
0.881574
0.914353
0.915441
0.919242
0.89103
0.933132
0.898634
0.92515
0.939793
0.914418
0.945294
0.938515
0.945292

0.143071
0.581781
0.87438
0.956353
0.96298
0.918927
0.944685
0.934569
0.965795
0.950509
0.920225
0.947015
0.938221
0.974409
0.933922
0.929059
0.944944
0.944353
0.976557
0.925156
0.939045
0.940472
0.943458
0.967089
0.925709
0.947204
0.940902
0.940169
0.950886
0.933696
0.949768
0.944295
0.938233
0.941778
0.942885
0.932894
0.951784
0.924369
0.945427
0.950835
0.93369
0.956186
0.904573
0.937591
0.934903
0.915847
0.927891
0.874836
0.936096
0.918896
0.924634
0.888658
0.82154
0.87258
0.797977
0.51627
0.207179
0.858543
0.332343
0.823334
0.885999
0.888546
0.915419
0.949458
0.931911
0.9579
0.91974
0.935776
0.954152
0.918636
0.957777
0.92118
0.955111
0.947096
0.910096
0.954291
0.926918
0.961088
0.940386
0.918785
0.950189
0.947971
0.959506
0.934018
0.923971
0.95229
0.956329
0.950098
0.935702
0.929328
0.94971
0.963488
0.938247
0.940397
0.92628
0.948665
0.962472
0.934048
0.947727
0.923964
0.955034

0.000715714
0.142571
0.692665
0.972348
0.975118
0.975672
0.976537
0.977523
0.978542
0.979535
0.980442
0.981194
0.981699
0.981841
0.981483
0.980489
0.978771
0.97635
0.973407
0.970268
0.967316
0.963633
0.962159
0.961376
0.961192
0.961479
0.962111
0.962983
0.964013
0.965145
0.966337
0.967565
0.968811
0.970064
0.971319
0.97257
0.973814
0.975046
0.976259
0.97744
0.978571
0.979622
0.980546
0.981278
0.981725
0.981769
0.981272
0.980108
0.978209
0.975636
0.972611
0.969486
0.966637
0.964348
0.962749
0.96183
0.961499
0.961631
0.962106
0.962823
0.963707
0.964701
0.965768
0.967879
0.969127
0.970381
0.971636
0.972885
0.974127
0.975355
0.976561
0.977732
0.978846
0.979869
0.980752
0.979774
0.980131
0.980054
0.979398
0.978034
0.975906
0.973097
0.969856
0.966554
0.963564
0.961153
0.959431
0.958381
0.957906
0.957887
0.95821
0.958778
0.951303
0.952006
0.952808
0.953682
0.925849
0.926602
0.883615
0.884273
0.755734

0.0683753
0.184302
0.765282
0.951091
0.906772
0.967315
0.934717
0.951382
0.9026
0.974969
0.927802
0.95184
0.927375
0.937906
0.928567
0.967578
0.913438
0.923345
0.945047
0.931809
0.945758
0.915405
0.931341
0.932887
0.963394
0.911226
0.949942
0.911595
0.954354
0.944178
0.933308
0.908497
0.956288
0.930555
0.935363
0.929797
0.921113
0.928643
0.958368
0.910858
0.929402
0.939428
0.941299
0.948775
0.931028
0.920692
0.952563
0.947404
0.932742
0.931323
0.937024
0.932936
0.968696
0.908566
0.937009
0.934834
0.957742
0.919469
0.945223
0.90459
0.956899
0.94723
0.934824
0.920482
0.945282
0.933137
0.944108
0.907797
0.903511
0.94711
0.908963
0.929088
0.895997
0.931207
0.915821
0.957221
0.885689
0.935991
0.929033
0.964092
0.916861
0.954664
0.881261
0.954577
0.917204
0.938678
0.902109
0.936733
0.927284
0.956573
0.913684
0.925625
0.939863
0.950604
0.922293
0.941196
0.933303
0.947867
0.964487
0.911592
0.933567

0.0271269
0.38851
0.951878
0.994063
0.997028
0.984936
0.976994
0.982565
0.990676
0.997013
0.992005
0.977748
0.979374
0.987018
0.99476
0.996544
0.982066
0.97723
0.983377
0.991498
0.997273
0.990471
0.977276
0.98005
0.987872
0.995405
0.995845
0.980758
0.977581
0.984205
0.992301
0.997394
0.987152
0.976995
0.98077
0.988724
0.995987
0.994927
0.979622
0.978032
0.985044
0.993081
0.997356
0.985565
0.976891
0.981525
0.989571
0.996492
0.993795
0.97868
0.978565
0.985891
0.99383
0.997139
0.984002
0.976946
0.982308
0.990409
0.996903
0.990621
0.977942
0.979168
0.986743
0.994541
0.996723
0.982518
0.977141
0.983114
0.991235
0.997203
0.989192
0.977406
0.979828
0.987597
0.995204
0.994146
0.981161
0.973946
0.981399
0.974118
0.966056
0.94214
0.937498
0.945928
0.956272
0.925799
0.900752
0.802121
0.697051
0.23677
0.839055
0.806945
0.368542
0.333344
0.801973
0.868763
0.901549
0.986224
0.976829
0.973311
0.984136

0.0843981
0.576879
0.93362
0.944749
0.938298
0.948371
0.924309
0.950593
0.936522
0.961565
0.926447
0.937939
0.951915
0.961898
0.956121
0.941711
0.959942
0.95032
0.984322
0.943342
0.9658
0.952718
0.975481
0.942184
0.944155
0.959259
0.96066
0.956719
0.930021
0.947452
0.931272
0.969623
0.925254
0.947266
0.936512
0.957954
0.934057
0.94342
0.955079
0.956547
0.96834
0.936571
0.95942
0.940233
0.981941
0.941736
0.960526
0.952376
0.969751
0.953097
0.958913
0.962349
0.953894
0.96675
0.923579
0.935695
0.925904
0.961957
0.924792
0.93801
0.935596
0.945924
0.942476
0.938906
0.953062
0.949013
0.970972
0.929186
0.949448
0.957807
0.976181
0.941328
0.950494
0.943946
0.961965
0.961882
0.948257
0.954951
0.935933
0.961561
0.912869
0.929149
0.933426
0.952966
0.922117
0.926873
0.923106
0.932264
0.964565
0.913312
0.934011
0.91597
0.95576
0.907779
0.92566
0.916185
0.92419
0.911152
0.91012
0.921001
0.890883

0.0436707
0.525325
0.66369
0.769459
0.896589
0.882941
0.885122
0.925318
0.903731
0.932949
0.94741
0.92291
0.905064
0.921648
0.951284
0.915837
0.952147
0.958003
0.918108
0.903987
0.917295
0.927994
0.894242
0.93736
0.960483
0.925157
0.9508
0.94994
0.933585
0.917008
0.926496
0.94842
0.901434
0.950675
0.948577
0.89909
0.920167
0.930692
0.950044
0.929644
0.962632
0.97784
0.902134
0.928383
0.916297
0.916465
0.930826
0.937814
0.961756
0.925041
0.938579
0.948519
0.921368
0.951037
0.942237
0.94025
0.938058
0.923497
0.932123
0.910696
0.931322
0.947935
0.936803
0.96303
0.950998
0.953625
0.937695
0.912772
0.930668
0.920955
0.934883
0.942833
0.94513
0.952079
0.917351
0.928837
0.959243
0.93575
0.949645
0.945821
0.944729
0.913875
0.895137
0.950661
0.913833
0.935247
0.970811
0.947742
0.949096
0.923317
0.950151
0.912
0.909574
0.963144
0.914641
0.920446
0.944225
0.927114
0.915458
0.926518
0.972971

0.152163
0.889749
0.987682
0.974099
0.984802
0.993556
0.981898
0.991476
0.977025
0.987557
0.974308
0.984631
0.994081
0.980304
0.991187
0.97677
0.987361
0.974665
0.982865
0.994408
0.980119
0.990904
0.976511
0.985422
0.975201
0.982705
0.994571
0.979932
0.988743
0.976248
0.985241
0.975943
0.982544
0.994603
0.979741
0.988483
0.971276
0.969968
0.941985
0.917073
0.924648
0.584396
0.98212
0.741017
0.915979
0.934699
0.95132
0.976794
0.971666
0.987797
0.973095
0.984239
0.978381
0.9836
0.994183
0.980431
0.989596
0.975879
0.986243
0.979878
0.983425
0.99394
0.980202
0.989354
0.975561
0.986065
0.98154
0.983248
0.993669
0.979967
0.989119
0.975249
0.985888
0.984909
0.98307
0.99338
0.979726
0.988889
0.97495
0.985713
0.986772
0.98289
0.993079
0.979479
0.988665
0.974672
0.985539
0.988529
0.982708
0.992774
0.979225
0.988446
0.974425
0.985366
0.990104
0.982524
0.992467
0.978963
0.988232
0.974036
0.985194

0.0272638
0.529947
0.97226
0.975743
0.979784
0.972869
0.988024
0.970016
0.988101
0.967361
0.983585
0.966201
0.978151
0.971903
0.972877
0.983182
0.967951
0.989099
0.96336
0.988469
0.959667
0.985864
0.959058
0.982989
0.967558
0.980129
0.975847
0.97725
0.976024
0.974606
0.972839
0.974078
0.969178
0.980407
0.965713
0.991408
0.962304
0.995825
0.959012
0.994268
0.956641
0.991071
0.960352
0.987562
0.97051
0.983883
0.978651
0.980068
0.979193
0.976571
0.976842
0.975642
0.973957
0.981808
0.971031
0.991129
0.968123
0.99276
0.965361
0.98894
0.964184
0.983692
0.968386
0.978271
0.979416
0.973022
0.986516
0.968036
0.986485
0.963733
0.984026
0.962133
0.981177
0.968992
0.978342
0.977601
0.975514
0.978149
0.972857
0.974555
0.971864
0.970415
0.977208
0.966525
0.98838
0.962873
0.994138
0.959465
0.993286
0.954613
0.990445
0.956735
0.987291
0.966602
0.984047
0.976387
0.98068
0.977559
0.977513
0.975275
0.976406

0.021873
0.564052
0.997414
0.997623
0.997623
0.997623
0.997623
0.997623
0.997623
0.997623
0.997623
0.997623
0.997623
0.997623
0.997623
0.997623
0.997623
0.997623
0.997623
0.997623
0.997623
0.997623
0.997623
0.997623
0.997623
0.997623
0.997623
0.997623
0.997623
0.997623
0.997623
0.997623
0.997623
0.997623
0.997623
0.997623
0.997623
0.997623
0.997623
0.997623
0.997623
0.997623
0.997623
0.997623
0.997623
0.997623
0.997623
0.997623
0.997623
0.997623
0.997623
0.997623
0.997623
0.997623
0.997623
0.997623
0.997623
0.997623
0.997623
0.997623
0.997623
0.997623
0.997623
0.997623
0.997623
0.997623
0.997623
0.997623
0.997623
0.997623
0.997623
0.997623
0.997623
0.997623
0.997623
0.997623
0.997623
0.997623
0.997623
0.997623
0.997623
0.997623
0.997623
0.997623
0.997623
0.997623
0.995668
0.995668
0.989784
0.989784
0.989784
0.979993
0.966335
0.727383
0.98973
0.94873
0.997623
0.997623
0.997623
0.997623
0.997623

0.0533034
0.889303
0.994689
0.991923
0.989399
0.987068
0.984758
0.982295
0.979558
0.976516
0.977699
0.988421
0.996526
0.995542
0.992781
0.990169
0.987795
0.985498
0.981795
0.979425
0.977072
0.976544
0.984148
0.995332
0.996268
0.993663
0.989167
0.986846
0.98468
0.982507
0.975195
0.973166
0.97232
0.971024
0.943965
0.726763
0.125405
0.973842
0.989278
0.986952
0.984639
0.982164
0.979414
0.976769
0.977302
0.987341
0.996615
0.995412
0.992642
0.990045
0.987679
0.985381
0.982975
0.980312
0.977509
0.976351
0.984811
0.995604
0.996166
0.993521
0.990837
0.988412
0.986111
0.983758
0.981187
0.978369
0.976248
0.980993
0.993322
0.99667
0.994411
0.991656
0.989158
0.986837
0.98452
0.982032
0.978404
0.976389
0.978296
0.989748
0.996682
0.99528
0.992505
0.989922
0.985933
0.983783
0.981564
0.979178
0.976875
0.976805
0.985486
0.995842
0.996058
0.9857
0.983232
0.971623
0.939776
0.680172
0.460947
0.968041
0.976222

0.200557
0.959691
0.993768
0.979358
0.981072
0.990971
0.975
0.989304
0.986963
0.973637
0.993847
0.981169
0.975907
0.993361
0.977399
0.982827
0.990181
0.974511
0.99072
0.984358
0.973744
0.994099
0.975041
0.974096
0.985035
0.963099
0.976251
0.678467
0.159714
0.974416
0.976803
0.961675
0.986292
0.980867
0.977229
0.992214
0.976936
0.984703
0.988496
0.974142
0.992838
0.984239
0.974072
0.993985
0.979989
0.978588
0.991519
0.976212
0.988143
0.987617
0.973829
0.993513
0.983327
0.974607
0.993675
0.979131
0.981532
0.990764
0.975547
0.989703
0.986723
0.973649
0.993937
0.982419
0.97618
0.993231
0.978298
0.983308
0.989963
0.974395
0.991061
0.985818
0.973803
0.994128
0.980114
0.977347
0.992677
0.976503
0.985122
0.989126
0.974025
0.99218
0.983269
0.974146
0.994113
0.9793
0.976016
0.984271
0.97111
0.984759
0.971188
0.949958
0.803328
0.677753
0.949697
0.986074
0.970665
0.964793
0.98932
0.976028
0.986752

0.028904
0.269891
0.952987
0.960423
0.951548
0.95487
0.957505
0.94901
0.944596
0.945105
0.941252
0.941193
0.951586
0.949872
0.946726
0.917003
0.924791
0.906783
0.925722
0.91751
0.937759
0.927489
0.930206
0.91507
0.914978
0.885855
0.906847
0.889036
0.919169
0.901194
0.930275
0.910451
0.918333
0.863605
0.889339
0.856963
0.894355
0.842871
0.907385
0.881449
0.917383
0.797707
0.837539
0.793908
0.863864
0.804006
0.849654
0.664565
0.861205
0.581351
0.679249
0.17002
0.677337
0.33004
0.735929
0.237881
0.114793
0.843121
0.678804
0.779717
0.838991
0.912226
0.650813
0.911474
0.890662
0.954542
0.96864
0.928946
0.990374
0.800506
0.936513
0.921625
0.871028
0.744831
0.883872
0.0804393
0.419242
0.335329
0.0621345
0.436638
0.37964
0.347023
0.255167
0.686917
0.629194
0.728871
0.762307
0.837613
0.823589
0.775243
0.830921
0.829868
0.887416
0.886455
0.915763
0.865035
0.918012
0.879177
0.891177
0.857685
0.884607

0.103165
0.979289
0.968428
0.985619
0.983784
0.961958
0.9931
0.984655
0.960029
0.994727
0.985247
0.960203
0.988388
0.986054
0.965576
0.980768
0.986836
0.969938
0.977693
0.984956
0.976819
0.978072
0.975489
0.985083
0.980559
0.964304
0.993802
0.981627
0.959236
0.998495
0.982245
0.95838
0.995437
0.982959
0.963616
0.986141
0.984078
0.968894
0.97817
0.984839
0.976061
0.975762
0.981513
0.984425
0.977305
0.970604
0.993001
0.978538
0.960954
0.998734
0.979265
0.957676
0.999097
0.979879
0.961543
0.99307
0.980883
0.967912
0.982483
0.982313
0.975617
0.975265
0.982746
0.983801
0.974336
0.977648
0.991621
0.975407
0.966479
0.997167
0.976278
0.960747
0.999106
0.976865
0.960772
0.99709
0.977681
0.967327
0.989424
0.979079
0.975315
0.978406
0.980746
0.983092
0.97255
0.980532
0.989952
0.972426
0.973904
0.994873
0.973274
0.965315
0.997196
0.9739
0.961785
0.99726
0.974575
0.967406
0.994188
0.975777
0.975048

0.0269719
0.93292
0.976344
0.980961
0.984903
0.974708
0.956297
0.980799
0.984636
0.988455
0.973243
0.957938
0.965238
0.990563
0.988773
0.968469
0.95747
0.956379
0.973994
0.990071
0.96772
0.953013
0.348929
0.811765
0.988814
0.968628
0.970616
0.976393
0.978356
0.970085
0.976545
0.975837
0.981332
0.980982
0.958576
0.974174
0.984058
0.985975
0.981422
0.9586
0.959917
0.988888
0.992467
0.981498
0.960709
0.962462
0.977162
0.996806
0.979565
0.967129
0.969789
0.97302
0.992202
0.978788
0.971046
0.975124
0.979037
0.97449
0.978286
0.975971
0.980202
0.983851
0.97198
0.963146
0.981738
0.985464
0.987254
0.970759
0.95621
0.979931
0.991219
0.98917
0.969463
0.961033
0.966849
0.995443
0.989692
0.969327
0.966008
0.971059
0.981162
0.989065
0.97106
0.970796
0.977004
0.977534
0.977544
0.974751
0.975764
0.979936
0.98031
0.95518
0.973473
0.975767
0.978631
0.978342
0.955349
0.941951
0.0662749
0.83787
0.972671

0.0242424
0.973648
0.979119
0.973878
0.971002
0.968736
0.967765
0.969225
0.974164
0.981606
0.98772
0.989826
0.988695
0.983875
0.98077
0.97762
0.969432
0.910414
0.97105
0.959855
0.970683
0.976787
0.982795
0.991097
0.990284
0.987647
0.984282
0.980686
0.977107
0.976724
0.974715
0.974614
0.977713
0.984087
0.992538
0.995791
0.995347
0.992912
0.989708
0.986297
0.982945
0.979907
0.97766
0.977127
0.980537
0.987098
0.994197
0.997963
0.997845
0.995497
0.992252
0.988735
0.98523
0.981973
0.97939
0.978448
0.980929
0.986879
0.99394
0.998063
0.998158
0.995766
0.992317
0.988513
0.983291
0.979968
0.977326
0.976172
0.977753
0.982857
0.989607
0.993903
0.994109
0.989766
0.980554
0.976778
0.973073
0.969699
0.967058
0.965914
0.967462
0.966527
0.964595
0.311505
0.914191
0.984106
0.980405
0.976233
0.971977
0.96787
0.964239
0.961739
0.961537
0.964827
0.970858
0.978976
0.98036
0.9786
0.975324
0.971499
0.967551

0.0304758
0.973284
0.998295
0.998295
0.998295
0.998295
0.998295
0.998295
0.998295
0.998295
0.998295
0.998295
0.998295
0.998295
0.998295
0.998295
0.998295
0.998295
0.998295
0.998295
0.998295
0.998295
0.998295
0.998295
0.998295
0.998295
0.998295
0.998295
0.998295
0.998295
0.998295
0.998295
0.998295
0.998295
0.998295
0.998295
0.998295
0.998295
0.998295
0.998295
0.998295
0.998295
0.998295
0.998295
0.998295
0.998295
0.998295
0.998295
0.998295
0.998295
0.998295
0.998295
0.998295
0.998295
0.998295
0.998295
0.998295
0.998295
0.998295
0.998295
0.998295
0.998295
0.998295
0.998295
0.998295
0.998295
0.998295
0.998295
0.998295
0.998295
0.998295
0.998295
0.998295
0.998295
0.998295
0.998295
0.998295
0.998295
0.998295
0.998295
0.998295
0.998295
0.998295
0.998295
0.998295
0.998295
0.998295
0.998295
0.998295
0.996331
0.996331
0.996331
0.996331
0.990435
0.98063
0.966955
0.534991
0.966955
0.727663
0.980595
0.990412

