0.00367438
0.0179761
0.0504925
0.0551633
0.0398815
0.0215088
0.063096
0.0650257
0.00738156
0.0034211
0.00189336
0.0356336
0.0732882
0.0969528
0.0731919
0.0476379
0.0464354
0.0091638
0.0100258
0.00804004
0.00876806
0.0143159
0.0220604
0.0611829
0.0806871
0.106268
0.0869677
0.0311624
0.0145157
0.0438549
0.075877
0.0583517
0.0546344
0.0416659
0.0251613
0.0301087
0.0258313
0.0339863
0.0275427
0.0252776
0.0110906
0.0287075
0.0744589
0.0537021
0.00426472
0.0383209
0.0347069
0.0256121
0.076183
0.0872865
0.036888
0.0219315
0.0221203
0.0151678
0.00690019
0.00105906
0.0485768
0.104338
0.0732297
0.0339542
0.0206473
0.0652047
0.0571597
0.0626799
0.0260653
0.0473528
0.0802359
0.075994
0.031234
0.00161832
0.0371729
0.0189328
0.0240739
0.0115653
0.0245831
0.00706119
0.0296546
0.041993
0.000637831
0.0224632
0.0478087
0.00918597
0.0132421
0.00761169
0.0156199
0.0250082
0.0688877
0.0594143
0.0650076
0.0878556
0.0869609
0.118044
0.129431
0.114446
0.0934183
0.0669829
0.0280948
0.0183137
0.00280409
0.0369643
0.0687173

0.0801913
0.113581
0.105547
0.0259918
0.0273717
0.108974
0.183421
0.17207
0.145168
0.177234
0.263206
0.37516
0.495088
0.55601
0.604493
0.633976
0.716641
0.746872
0.779031
0.804172
0.788995
0.781941
0.838648
0.872859
0.849716
0.798898
0.803197
0.851793
0.895946
0.863607
0.802886
0.798512
0.797035
0.821451
0.866891
0.883864
0.835577
0.776023
0.768597
0.831367
0.8594
0.834439
0.831436
0.835015
0.833234
0.817546
0.847338
0.847462
0.865048
0.82835
0.806817
0.808791
0.844608
0.872163
0.848507
0.790405
0.763436
0.809155
0.882253
0.861754
0.786923
0.764668
0.767444
0.836955
0.863393
0.867518
0.829096
0.781087
0.766691
0.825536
0.872936
0.827253
0.798633
0.809836
0.81809
0.816811
0.781925
0.781183
0.809022
0.798008
0.803928
0.774725
0.785119
0.784345
0.76943
0.822201
0.839667
0.847161
0.779477
0.76835
0.736884
0.774631
0.840229
0.840579
0.748978
0.68044
0.763854
0.805499
0.784704
0.72495
0.757765

0.0948999
0.180689
0.289739
0.440087
0.580407
0.701267
0.800795
0.890838
0.92963
0.934937
0.928948
0.929116
0.9407
0.930787
0.919023
0.905432
0.936418
0.945278
0.934169
0.923308
0.915202
0.931526
0.926245
0.915436
0.907766
0.925625
0.943564
0.935332
0.9265
0.918473
0.927433
0.933159
0.923508
0.92357
0.93302
0.951426
0.949296
0.941167
0.933058
0.931026
0.947389
0.940412
0.946113
0.949591
0.955624
0.965267
0.957514
0.949148
0.941382
0.955303
0.955964
0.96597
0.962977
0.956609
0.973679
0.967844
0.95836
0.94803
0.948213
0.963123
0.97352
0.965135
0.953685
0.962735
0.964155
0.953061
0.94088
0.928313
0.953865
0.963486
0.951673
0.938608
0.934816
0.946269
0.935888
0.920777
0.908851
0.93244
0.946494
0.934803
0.922868
0.91247
0.928482
0.920253
0.909177
0.900889
0.915605
0.939408
0.931064
0.921044
0.91083
0.91971
0.921433
0.912547
0.910116
0.921101
0.940995
0.940449
0.93171
0.922499
0.906153

0.043931
0.102279
0.511275
0.758143
0.870143
0.916869
0.914785
0.910617
0.925752
0.930549
0.933637
0.927962
0.941449
0.90788
0.936734
0.949194
0.905895
0.93215
0.919251
0.883706
0.963024
0.931849
0.927118
0.940424
0.910425
0.916439
0.93517
0.923131
0.919005
0.919606
0.930106
0.923486
0.946665
0.934006
0.915438
0.939465
0.904312
0.915345
0.94515
0.914203
0.940492
0.939805
0.900813
0.943752
0.933971
0.919748
0.930294
0.913175
0.901727
0.941716
0.946428
0.931551
0.92386
0.934524
0.901604
0.936727
0.938223
0.897917
0.937151
0.927027
0.912052
0.958856
0.919283
0.928741
0.934551
0.902676
0.919388
0.925522
0.931529
0.939217
0.930349
0.92171
0.916191
0.945709
0.926209
0.913565
0.934042
0.891418
0.937622
0.960135
0.912686
0.939076
0.930039
0.899188
0.942567
0.924529
0.914207
0.933211
0.926942
0.921433
0.936527
0.938535
0.927338
0.922909
0.926161
0.898146
0.933943
0.942911
0.922625
0.94794
0.913333

0.137051
0.265658
0.51877
0.833009
0.938351
0.946883
0.948691
0.955085
0.960697
0.961861
0.958979
0.954511
0.950694
0.949102
0.954466
0.964477
0.973807
0.977354
0.974937
0.968765
0.960802
0.952664
0.945235
0.965094
0.968857
0.966917
0.962009
0.955205
0.94916
0.945212
0.944683
0.951935
0.962663
0.970786
0.97291
0.970349
0.965666
0.961051
0.958631
0.960763
0.966401
0.969387
0.964419
0.95565
0.964015
0.950899
0.943144
0.943252
0.951053
0.960944
0.966806
0.967013
0.963686
0.959359
0.956283
0.956767
0.963508
0.972879
0.978513
0.976852
0.969078
0.957851
0.945758
0.935233
0.953012
0.958171
0.962379
0.964015
0.961544
0.957032
0.952679
0.950671
0.953469
0.962541
0.972748
0.978173
0.977322
0.972169
0.964934
0.957587
0.95253
0.952903
0.955829
0.955254
0.951686
0.963876
0.95445
0.948352
0.946626
0.9509
0.961002
0.970287
0.974004
0.972439
0.968097
0.963265
0.960039
0.960834
0.966228
0.971197
0.970264

0.041646
0.0135156
0.542234
0.859624
0.928728
0.875871
0.8507
0.703656
0.484428
0.362592
0.52438
0.0485697
0.787931
0.913254
0.9549
0.950254
0.938479
0.960325
0.947999
0.949966
0.969172
0.956047
0.970531
0.974559
0.959618
0.977053
0.961456
0.947574
0.96201
0.941289
0.949837
0.957912
0.944499
0.967154
0.964124
0.95753
0.979574
0.9659
0.965928
0.972308
0.950919
0.96072
0.95363
0.940555
0.961284
0.951257
0.952693
0.970511
0.958234
0.972745
0.974269
0.959136
0.975795
0.960028
0.947466
0.961321
0.943213
0.951665
0.957692
0.944305
0.968084
0.965093
0.958851
0.980015
0.964926
0.964342
0.969647
0.94818
0.957145
0.941267
0.909568
0.921466
0.863009
0.816394
0.622769
0.448162
0.355148
0.521253
0.677154
0.926423
0.929863
0.945749
0.95924
0.940498
0.953837
0.956659
0.947791
0.971819
0.9642
0.960959
0.980012
0.962297
0.96514
0.96681
0.942166
0.958484
0.951001
0.940837
0.963704
0.953131
0.958448

0.0768307
0.422867
0.931801
0.970247
0.967494
0.968812
0.973722
0.979799
0.984984
0.986903
0.983327
0.973676
0.967549
0.96665
0.970247
0.976083
0.982121
0.986302
0.986135
0.978349
0.970623
0.966507
0.967723
0.97252
0.978672
0.984216
0.986902
0.984341
0.975035
0.968259
0.966427
0.969414
0.975021
0.97893
0.977709
0.97846
0.950569
0.944455
0.926388
0.930301
0.919413
0.906255
0.860061
0.526523
0.247309
0.714183
0.609158
0.91112
0.955438
0.958834
0.963801
0.968323
0.985047
0.980983
0.972446
0.965044
0.962731
0.965044
0.969893
0.975269
0.984689
0.984105
0.977718
0.9689
0.963417
0.963243
0.966867
0.972171
0.982795
0.985133
0.982097
0.973995
0.96599
0.966534
0.969001
0.97415
0.981584
0.986047
0.986403
0.981046
0.972711
0.967223
0.967086
0.970936
0.978074
0.983765
0.98684
0.984848
0.977612
0.969824
0.966545
0.968329
0.974426
0.980599
0.985504
0.986737
0.982317
0.974079
0.967782
0.966766
0.971022

0.0103547
0.202134
0.827121
0.982127
0.984866
0.973023
0.986972
0.974855
0.987397
0.973548
0.960931
0.970096
0.957962
0.972514
0.961283
0.961403
0.965502
0.9553
0.971601
0.962705
0.97529
0.968594
0.958197
0.974679
0.966047
0.981972
0.972622
0.966882
0.978409
0.969311
0.985303
0.976264
0.983157
0.982172
0.972222
0.988099
0.979034
0.993348
0.983532
0.973046
0.985972
0.974145
0.98757
0.973609
0.968875
0.971278
0.958721
0.971697
0.960892
0.970924
0.964179
0.951763
0.969023
0.960592
0.975448
0.966281
0.957819
0.971656
0.963285
0.979849
0.970786
0.975924
0.976676
0.966512
0.982981
0.973176
0.988672
0.978946
0.970891
0.986176
0.976083
0.992629
0.980815
0.978575
0.983407
0.972387
0.986611
0.971926
0.980626
0.969247
0.957004
0.967689
0.957167
0.973483
0.959491
0.947888
0.955255
0.947702
0.968981
0.952264
0.961804
0.956618
0.949679
0.962014
0.942529
0.953302
0.930435
0.90999
0.862359
0.53379
0.0595866

0.129889
0.805691
0.969554
0.975615
0.978141
0.98525
0.972669
0.9615
0.965846
0.969495
0.942057
0.942164
0.971525
0.954373
0.94477
0.954762
0.975385
0.959112
0.967458
0.972716
0.98278
0.957231
0.959792
0.963892
0.935692
0.921522
0.431565
0.680253
0.913001
0.954277
0.969777
0.957906
0.971686
0.984425
0.972183
0.966966
0.970439
0.975503
0.961726
0.965534
0.970531
0.954988
0.951634
0.958453
0.9663
0.945484
0.981819
0.987993
0.974281
0.970867
0.976387
0.980218
0.956904
0.961185
0.9599
0.964428
0.955232
0.961217
0.968318
0.953587
0.967696
0.981197
0.968846
0.979549
0.981019
0.984088
0.960472
0.966096
0.971488
0.958407
0.950882
0.952274
0.975257
0.952632
0.965671
0.980932
0.975443
0.970504
0.976429
0.979249
0.957082
0.971454
0.975005
0.962874
0.951827
0.960932
0.96637
0.940361
0.947525
0.987352
0.978686
0.967683
0.973198
0.983212
0.95111
0.952872
0.965061
0.950107
0.949996
0.952363
0.96509

0.128692
0.152685
0.988751
0.990277
0.990314
0.99232
0.99232
0.99232
0.99232
0.99232
0.99232
0.99232
0.99232
0.99232
0.99232
0.99232
0.99232
0.99232
0.99232
0.99232
0.99232
0.99232
0.99232
0.99232
0.99232
0.99232
0.99232
0.99232
0.99232
0.99232
0.99232
0.99232
0.99232
0.99232
0.99232
0.99232
0.99232
0.99232
0.99232
0.99232
0.99232
0.99232
0.99232
0.99232
0.99232
0.99232
0.99232
0.99232
0.99232
0.99232
0.99232
0.99232
0.99232
0.99232
0.99232
0.99232
0.99232
0.99232
0.99232
0.99232
0.99232
0.99232
0.99232
0.99232
0.99232
0.99232
0.99232
0.99232
0.99232
0.99232
0.99232
0.99232
0.99232
0.99232
0.99232
0.99232
0.99232
0.99232
0.99232
0.99232
0.99232
0.99232
0.99232
0.99232
0.99232
0.99232
0.99232
0.99232
0.99232
0.99232
0.99232
0.99232
0.99232
0.99232
0.99232
0.99232
0.99232
0.99232
0.99232
0.99232
0.99232

0.0120491
0.467669
0.973414
0.978551
0.962405
0.967267
0.969875
0.9787
0.96204
0.989014
0.970843
0.978924
0.961744
0.986231
0.970967
0.978599
0.973449
0.985579
0.971208
0.977319
0.97979
0.986192
0.971253
0.97599
0.977568
0.982417
0.969955
0.987978
0.976768
0.97072
0.965042
0.970031
0.976681
0.961027
0.986885
0.967514
0.976753
0.956576
0.98397
0.968055
0.974691
0.968741
0.982656
0.966286
0.973231
0.977718
0.98141
0.96704
0.973142
0.973455
0.982451
0.966525
0.994086
0.972905
0.982006
0.963397
0.971149
0.967078
0.961091
0.976489
0.929214
0.855266
0.638652
0.181485
0.388234
0.956141
0.941325
0.972783
0.964309
0.969708
0.973917
0.978273
0.964655
0.965307
0.972061
0.978697
0.964114
0.991051
0.971444
0.981293
0.959877
0.988518
0.971153
0.981005
0.981205
0.987377
0.973025
0.976308
0.98054
0.976867
0.972639
0.969264
0.978747
0.965656
0.970646
0.972343
0.978249
0.962031
0.967043
0.970168
0.978447

0.050124
0.681712
0.986351
0.993591
0.993583
0.993582
0.993582
0.993582
0.993582
0.993582
0.993582
0.993582
0.993582
0.993582
0.993582
0.993582
0.993582
0.993582
0.993582
0.993582
0.993582
0.991686
0.985876
0.985876
0.985876
0.985876
0.985876
0.976176
0.962622
0.962622
0.94527
0.724993
0.993582
0.583183
0.975791
0.991557
0.993582
0.993582
0.993582
0.993582
0.993582
0.993582
0.993582
0.993582
0.993582
0.993582
0.993582
0.993582
0.993582
0.993582
0.993582
0.993582
0.993582
0.993582
0.993582
0.993582
0.993582
0.993582
0.993582
0.993582
0.993582
0.993582
0.993582
0.993582
0.993582
0.993582
0.993582
0.993582
0.993582
0.993582
0.993582
0.993582
0.993582
0.993582
0.993582
0.993582
0.993582
0.993582
0.993582
0.993582
0.993582
0.993582
0.993582
0.993582
0.993582
0.993582
0.993582
0.993582
0.993582
0.993582
0.993582
0.993582
0.993582
0.993582
0.993582
0.993582
0.993582
0.993582
0.993582
0.993582
0.993582

0.0241148
0.819973
0.969515
0.938705
0.965832
0.948217
0.954377
0.925253
0.978226
0.97432
0.962184
0.937568
0.954006
0.95979
0.950141
0.9353
0.968753
0.958511
0.975274
0.95253
0.962827
0.914339
0.960878
0.953219
0.980683
0.939365
0.965101
0.964618
0.956456
0.925408
0.945812
0.954329
0.971556
0.956017
0.969646
0.939796
0.963499
0.942537
0.958183
0.914311
0.964556
0.968421
0.983706
0.930015
0.947554
0.946366
0.954339
0.928427
0.96515
0.954808
0.969634
0.948986
0.958352
0.929856
0.943434
0.949164
0.97794
0.934929
0.953999
0.955951
0.973691
0.919454
0.939683
0.936417
0.976089
0.954796
0.963933
0.944513
0.945774
0.942233
0.95105
0.939678
0.948375
0.965667
0.978535
0.931291
0.939887
0.933385
0.967733
0.92607
0.958251
0.952879
0.968225
0.952874
0.951515
0.938568
0.92345
0.950795
0.96999
0.967073
0.943997
0.949468
0.966421
0.928029
0.931692
0.935887
0.977206
0.96152
0.956973
0.951266
0.941783

0.0368602
0.806902
0.989639
0.9846
0.972569
0.972146
0.989233
0.985234
0.973081
0.971478
0.988682
0.985851
0.973617
0.970921
0.988005
0.986449
0.974174
0.970475
0.987207
0.987024
0.974748
0.970135
0.986294
0.987571
0.975337
0.969898
0.985276
0.988086
0.975939
0.969757
0.984169
0.988562
0.976552
0.969706
0.982992
0.988994
0.977173
0.969738
0.981763
0.989375
0.972377
0.965702
0.978218
0.987713
0.963652
0.957713
0.970662
0.98208
0.964198
0.957747
0.969257
0.982258
0.934575
0.930031
0.904602
0.421138
0.979931
0.536853
0.829926
0.941926
0.951175
0.937102
0.93099
0.972689
0.965558
0.952268
0.959213
0.98218
0.976073
0.963546
0.958716
0.987676
0.982678
0.970894
0.966715
0.987232
0.983331
0.971554
0.966317
0.988569
0.985961
0.974897
0.970347
0.98787
0.986555
0.975522
0.970044
0.987051
0.987125
0.976162
0.969847
0.986118
0.987666
0.976813
0.969748
0.985083
0.988175
0.977473
0.969742
0.983962
0.988643

0.0184212
0.318587
0.944271
0.966871
0.971457
0.969454
0.987969
0.968491
0.995876
0.96676
0.971879
0.968603
0.970975
0.98314
0.969967
0.996473
0.967993
0.973501
0.967715
0.972515
0.977525
0.971446
0.995635
0.969395
0.975026
0.968083
0.97652
0.973228
0.972929
0.99253
0.97086
0.976232
0.969106
0.978159
0.97108
0.97652
0.987291
0.972342
0.976643
0.970429
0.979759
0.970664
0.978111
0.981754
0.97383
0.975466
0.971869
0.981191
0.971283
0.979718
0.97791
0.977244
0.971948
0.973346
0.982161
0.972422
0.981324
0.976226
0.978843
0.96649
0.976474
0.982094
0.973796
0.98287
0.97611
0.980455
0.961068
0.978067
0.980154
0.97526
0.984195
0.976867
0.982081
0.957476
0.979653
0.97587
0.978182
0.984941
0.978035
0.983692
0.955989
0.981243
0.970231
0.979806
0.984439
0.979368
0.985202
0.955988
0.982847
0.965356
0.981419
0.981836
0.981972
0.98639
0.95682
0.984461
0.962529
0.983033
0.976951
0.983498
0.986797

0.00914858
0.903533
0.994021
0.994022
0.994022
0.994022
0.994022
0.994022
0.994022
0.994022
0.994022
0.994022
0.994022
0.994022
0.994022
0.994022
0.994022
0.994022
0.994022
0.994022
0.994022
0.994022
0.994022
0.994022
0.994022
0.994022
0.994022
0.994022
0.994022
0.994022
0.994022
0.994022
0.994022
0.994022
0.994022
0.994022
0.994022
0.994022
0.994022
0.994022
0.994022
0.994022
0.994022
0.994022
0.994022
0.994022
0.994022
0.994022
0.994022
0.994022
0.994022
0.994022
0.994022
0.994022
0.994022
0.994022
0.994022
0.994022
0.994022
0.994022
0.994022
0.994022
0.994022
0.994022
0.994022
0.994022
0.994022
0.994022
0.994022
0.994022
0.994022
0.994022
0.994022
0.994022
0.994022
0.994022
0.994022
0.994022
0.994022
0.994022
0.994022
0.994022
0.994022
0.994022
0.994022
0.994022
0.994022
0.994022
0.994022
0.994022
0.994022
0.994022
0.994022
0.994022
0.994022
0.994022
0.994022
0.994022
0.994022
0.994022
0.994022

0.0408332
0.931991
0.980912
0.981715
0.982642
0.983686
0.984836
0.986075
0.98738
0.988727
0.990088
0.991433
0.992732
0.993958
0.995085
0.996093
0.996968
0.997699
0.998282
0.998718
0.999012
0.99917
0.999203
0.999121
0.998937
0.998662
0.998308
0.997885
0.997403
0.996871
0.996296
0.995685
0.995046
0.994382
0.993698
0.992999
0.992287
0.991567
0.99084
0.990109
0.989376
0.988644
0.987914
0.987189
0.985066
0.984417
0.983782
0.983165
0.982569
0.981997
0.981453
0.980941
0.980466
0.980033
0.979649
0.97932
0.979053
0.978855
0.978735
0.978702
0.978764
0.978929
0.979207
0.979603
0.980123
0.980772
0.981549
0.982452
0.983475
0.984606
0.985828
0.987123
0.988464
0.989824
0.991175
0.992485
0.993727
0.994875
0.995908
0.996809
0.997569
0.998181
0.998645
0.998966
0.999149
0.999205
0.999145
0.99898
0.998722
0.998383
0.997972
0.997501
0.996977
0.99641
0.995806
0.995172
0.994512
0.993832
0.993135
0.992426
0.991707

0.0350837
0.984303
0.994466
0.994452
0.994452
0.994452
0.994452
0.994452
0.994452
0.994452
0.994452
0.994452
0.994452
0.994452
0.994452
0.994452
0.994452
0.994452
0.994452
0.994452
0.994452
0.994452
0.994452
0.994452
0.994452
0.994452
0.994452
0.994452
0.994452
0.994452
0.994452
0.994452
0.994452
0.994452
0.994452
0.994452
0.994452
0.994452
0.994452
0.994452
0.994452
0.994452
0.994452
0.994452
0.994452
0.994452
0.994452
0.994452
0.994452
0.994452
0.994452
0.994452
0.994452
0.994452
0.994452
0.99251
0.99251
0.99251
0.99251
0.99251
0.99251
0.99251
0.99251
0.99251
0.986651
0.924738
0.584788
0.945881
0.899668
0.986569
0.992469
0.992469
0.992469
0.992469
0.992469
0.992469
0.992469
0.994452
0.994452
0.994452
0.994452
0.994452
0.994452
0.994452
0.994452
0.994452
0.994452
0.994452
0.994452
0.994452
0.994452
0.994452
0.994452
0.994452
0.994452
0.994452
0.994452
0.994452
0.994452
0.994452
0.994452

0.0284066
0.993623
0.994345
0.994347
0.992459
0.992459
0.992459
0.992459
0.992459
0.992459
0.976954
0.976954
0.976954
0.924951
0.725648
0.98636
0.992312
0.994347
0.994347
0.994347
0.994347
0.994347
0.994347
0.994347
0.994347
0.994347
0.994347
0.994347
0.994347
0.994347
0.994347
0.994347
0.994347
0.994347
0.994347
0.994347
0.994347
0.994347
0.994347
0.994347
0.994347
0.994347
0.994347
0.994347
0.994347
0.994347
0.994347
0.994347
0.994347
0.994347
0.994347
0.994347
0.994347
0.994347
0.994347
0.994347
0.994347
0.994347
0.994347
0.994347
0.994347
0.994347
0.994347
0.994347
0.994347
0.994347
0.994347
0.994347
0.994347
0.994347
0.994347
0.994347
0.994347
0.994347
0.994347
0.994347
0.994347
0.994347
0.994347
0.994347
0.992459
0.992459
0.992459
0.992459
0.992459
0.992459
0.976954
0.976954
0.946042
0.533785
0.63292
0.98636
0.994347
0.994347
0.994347
0.994347
0.994347
0.994347
0.994347
0.994347
0.994347

0.0958831
0.998666
0.998851
0.998851
0.998851
0.998851
0.998851
0.998851
0.998851
0.998851
0.998851
0.998851
0.998851
0.998851
0.998851
0.998851
0.998851
0.998851
0.998851
0.998851
0.998851
0.998851
0.998851
0.998851
0.998851
0.998851
0.998851
0.998851
0.998851
0.998851
0.998851
0.998851
0.998851
0.998851
0.998851
0.998851
0.998851
0.998851
0.998851
0.998851
0.998851
0.998851
0.998851
0.998851
0.998851
0.998851
0.998851
0.998851
0.998851
0.998851
0.998851
0.990972
0.990972
0.967466
0.535197
0.981162
0.928714
0.981162
0.981162
0.996881
0.996881
0.996881
0.998851
0.998851
0.998851
0.998851
0.998851
0.998851
0.998851
0.998851
0.998851
0.998851
0.998851
0.998851
0.998851
0.998851
0.998851
0.998851
0.998851
0.998851
0.998851
0.998851
0.998851
0.998851
0.998851
0.998851
0.998851
0.998851
0.998851
0.998851
0.998851
0.998851
0.998851
0.998851
0.998851
0.998851
0.998851
0.998851
0.998851
0.998851
0.998851

0.0015446
0.954743
0.985575
0.98292
0.979485
0.978138
0.995331
0.996853
0.993347
0.99064
0.988398
0.986216
0.983723
0.980506
0.977541
0.990484
0.997728
0.994242
0.991322
0.988997
0.986835
0.984468
0.981484
0.977983
0.984635
0.998065
0.99521
0.992049
0.989608
0.987438
0.985165
0.982395
0.978306
0.980224
0.997065
0.996231
0.992833
0.990239
0.988033
0.985826
0.983237
0.979114
0.978064
0.993728
0.997222
0.993683
0.990898
0.988628
0.986457
0.982731
0.979964
0.977545
0.988199
0.997955
0.994607
0.991597
0.989231
0.985538
0.983391
0.980792
0.97789
0.982671
0.997896
0.9956
0.990528
0.988149
0.986097
0.984016
0.981573
0.978605
0.979142
0.996094
0.996624
0.991305
0.988757
0.986654
0.979269
0.977189
0.974744
0.974018
0.989658
0.989703
0.986358
0.922681
0.970428
0.469167
0.886345
0.961026
0.974185
0.979121
0.99807
0.994983
0.991879
0.989467
0.987301
0.985009
0.982193
0.978645
0.980075
0.997469
0.995996

