0.0260565
0.0261121
0.0261679
0.0262241
0.0261695
0.0263374
0.0262842
0.0264519
0.0261778
0.0265676
0.0261847
0.0266845
0.0263054
0.0266951
0.0264274
0.0268152
0.0265504
0.0269363
0.0266747
0.0270587
0.0268
0.0271821
0.0269265
0.0273066
0.0269469
0.027224
0.0270763
0.0271415
0.0271003
0.0272726
0.0272327
0.027509
0.0273662
0.0273277
0.0275007
0.0274635
0.0278415
0.0277043
0.0279763
0.027634
0.028112
0.0276693
0.0281491
0.0278107
0.0281877
0.027953
0.028328
0.0280962
0.0284691
0.0283413
0.0287082
0.0284855
0.0288501
0.0286305
0.0289928
0.0287763
0.0289463
0.0289229
0.0290924
0.0290703
0.0291443
0.0292185
0.0292929
0.0293674
0.0294421
0.0295171
0.0295922
0.0296674
0.0296503
0.0298185
0.0298026
0.0299702
0.0299555
0.0300322
0.0301091
0.0301861
0.0302633
0.0303406
0.0304181
0.0304957
0.0305735
0.0309077
0.0307294
0.0310611
0.0307994
0.031215
0.0309573
0.0313694
0.0311158
0.0315243
0.0313583
0.0316797
0.031434
0.0318355
0.0317561
0.0319917
0.0319928
0.0321482
0.0321505
0.0323052
0.0323086
0.0325359
0.0323916
0.0327636
0.0325513
0.0329196
0.0327848
0.0330758
0.0329441
0.0331641
0.0331037
0.033389
0.0334008
0.0335459
0.0335588
0.0336378
0.0337816
0.0337961
0.033939
0.0338901
0.0340338
0.0340496
0.0341924
0.0342093
0.0342891
0.034369
0.0344489
0.0345893
0.0346087
0.0348062
0.0347686
0.0349641
0.0349285
0.0350658
0.0350883
0.0352247
0.0352482
0.0353834
0.0354079
0.0355421
0.0355676
0.0356474
0.0357272
0.0358069
0.0358866
0.0359663
0.0359937
0.0360739
0.0361539
0.0361283
0.0362623
0.0362903
0.0365228
0.036452
0.0366813
0.0366134
0.0368395
0.0366714
0.0369515
0.0367816
0.0370159
0.036997
0.0371763
0.0371593
0.0373364
0.0372715
0.0374962
0.0374341
0.0376103
0.0376441
0.0377703
0.0378049
0.037973
0.0379653
0.0381311
0.0380805
0.0383284
0.0382409
0.0384459
0.0384009
0.0386025
0.0385603
0.0387205
0.0387192
0.0388771
0.0388775
0.039033
0.0390353
0.0391884
0.0391924
0.0393077
0.0393854
0.0394629
0.0395048
0.0396174
0.039624
0.0397712
0.0398144
0.0399243
0.0400005
0.0400766
0.0401525
0.0402575
0.0403038
0.0404073
0.0404542
0.0405563
0.0406039
0.040729
0.0407527
0.0408753
0.0409007
0.0410208
0.0410228
0.0411654
0.0411701
0.0413091
0.0413164
0.0414518
0.0414619
0.0415937
0.0416273
0.0417501
0.0417699
0.0419017
0.0418925
0.0420385
0.0420519
0.0421636
0.0422065
0.0422994
0.0423439
0.0424427
0.0424802
0.0425753
0.0426155
0.0427068
0.0427588
0.0428372
0.0428908
0.0429665
0.0430216
0.0430914
0.0431452
0.0432219
0.0432748
0.0433466
0.0434031
0.0434718
0.0435331
0.0435951
0.0436579
0.0437172
0.0437815
0.043838
0.0439017
0.0439575
0.0440217
0.0440758
0.0441267
0.0441991
0.0442419
0.0443157
0.0443557
0.044431
0.0444682
0.0445449
0.0445793
0.0446574
0.0446742
0.0447785
0.0447972
0.0448892
0.044904
0.0449985
0.0450094
0.0450932
0.0451133
0.0451985
0.0452158
0.0453176
0.0453361
0.045421
0.0454552
0.0455228
0.0455552
0.0456047
0.0456537
0.0457395
0.0457288
0.0458377
0.0458231
0.0459344
0.0459397
0.0460294
0.0460318
0.0461228
0.0460962
0.0462146
0.046184
0.0463047
0.0462702
0.0463931
0.0463547
0.0464799
0.0464375
0.046565
0.0465793
0.0466484
0.0466608
0.04673
0.0467405
0.0468099
0.0468185
0.0468881
0.0468948
0.0469645
0.0469692
0.0470705
0.0470419
0.047175
0.0471128
0.0472481
0.0471819
0.0473194
0.0472492
0.0473888
0.0473146
0.0474564
0.0473782
0.0475221
0.0473981
0.047586
0.047457
0.047648
0.0475578
0.0477081
0.047569
0.0477663
0.0476222
0.0478226
0.0476734
0.0478351
0.0477227
0.0478865
0.0478192
0.0478426
0.0478156
0.0478881
0.0478591
0.0479813
0.0478467
0.0480238
0.0478852
0.0480644
0.0479218
0.048103
0.0479563
0.0481396
0.0479889
0.0481741
0.0480194
0.0482067
0.048048
0.0481219
0.0481354
0.0481484
0.0480989
0.0481729
0.0481213
0.0481952
0.0482057
0.0482156
0.04816
0.0481684
0.0481762
0.0481836
0.0481216
0.0481967
0.048061
0.0482077
0.048069
0.0482166
0.0480749
0.0482938
0.0480787
0.0482282
0.048156
0.0482308
0.0482313
0.048079
0.0482307
0.0480754
0.0483027
0.0479888
0.0482988
0.04798
0.0482928
0.0480519
0.0482846
0.047956
0.0482743
0.0479408
0.0482618
0.0479235
0.0482472
0.0479039
0.0482304
0.0477928
0.0482114
0.047768
0.0481902
0.0477411
0.0481669
0.047712
0.0481414
0.0476807
0.0481137
0.0476473
0.0480838
0.0476117
0.0477822
0.0476699
0.0475542
0.0477258
0.0475131
0.0477795
0.0474699
0.047738
0.0474245
0.0476942
0.0473769
0.0476482
0.0472242
0.0477897
0.0471713
0.0478341
0.0471163
0.0477843
0.0472682
0.0476374
0.0472106
0.0476779
0.0471507
0.0477161
0.0469823
0.0476583
0.0471298
0.0475018
0.0470642
0.0473395
0.0469965
0.0472733
0.0470327
0.0473059
0.0469614
0.0471343
0.046888
0.0471642
0.0468123
0.0471918
0.0466249
0.0471163
0.046763
0.0470386
0.0466816
0.0469588
0.0465981
0.0468767
0.0465123
0.0467924
0.0464244
0.0467059
0.0465545
0.0465095
0.0464639
0.046195
0.0463711
0.0462126
0.0462761
0.0461157
0.0461789
0.0460166
0.0460796
0.0459153
0.0459781
0.0458119
0.0459877
0.0457063
0.0458827
0.0455986
0.0459999
0.0454887
0.0457801
0.0454946
0.0456695
0.0453813
0.0454412
0.0452658
0.0454418

0.0186714
0.0188586
0.0190474
0.0193184
0.0194298
0.0197051
0.0198187
0.0200983
0.0201302
0.0205813
0.0204455
0.0209892
0.0208526
0.0214041
0.0212666
0.0218262
0.0215977
0.0222557
0.0219328
0.0225148
0.02246
0.0229571
0.0227122
0.0234987
0.02316
0.0239577
0.0237138
0.0243309
0.0241788
0.0248051
0.0246522
0.0251903
0.0251339
0.0254798
0.0256243
0.0259759
0.0261235
0.0265842
0.0266316
0.0268891
0.0270413
0.027411
0.0275666
0.0278327
0.0281013
0.02826
0.0286458
0.0289217
0.0292002
0.0295952
0.0297647
0.0301664
0.0303396
0.0307481
0.0308059
0.0314578
0.0314005
0.0319436
0.0318825
0.032558
0.0323712
0.0331837
0.0331242
0.0336959
0.0337625
0.0343434
0.0344126
0.0351314
0.0350748
0.0359336
0.0358832
0.0366214
0.0367063
0.0371901
0.0374101
0.0377669
0.0379894
0.0384906
0.0388575
0.0392279
0.0394604
0.0401198
0.04036
0.0410281
0.0412762
0.0419529
0.0420653
0.0426102
0.0425731
0.0434238
0.0433886
0.0442529
0.0442196
0.044641
0.0450664
0.0454959
0.0457705
0.0463671
0.0466478
0.0469288
0.047542
0.0479954
0.0484533
0.0489154
0.049382
0.0498531
0.0501568
0.0509799
0.050943
0.0521276
0.0519216
0.0531251
0.0531003
0.0541418
0.0541195
0.0551781
0.0551585
0.0562344
0.0562175
0.0569424
0.057297
0.0582228
0.0583974
0.059339
0.0599052
0.0602836
0.0608594
0.0614408
0.0620277
0.0626204
0.0632187
0.0638228
0.0644328
0.0650486
0.0654624
0.0662982
0.0667212
0.067572
0.0680044
0.0686553
0.0693125
0.0699761
0.0706461
0.0713225
0.0720056
0.0726952
0.0733914
0.0740945
0.0748043
0.0755209
0.0762445
0.0769751
0.0777128
0.078695
0.0792096
0.0799688
0.0809779
0.0815094
0.0825368
0.08308
0.0843721
0.0846809
0.0862418
0.086313
0.0879002
0.0879767
0.0895908
0.0896726
0.0913141
0.0914014
0.0933276
0.0931636
0.0951219
0.0952336
0.0972113
0.0973424
0.0990793
0.098939
0.101247
0.100846
0.103192
0.103634
0.105173
0.10506
0.107193
0.107083
0.109252
0.109144
0.111067
0.111246
0.113201
0.11308
0.115376
0.114619
0.116987
0.116829
0.120152
0.119413
0.122153
0.122044
0.124185
0.123715
0.126889
0.126444
0.129325
0.128878
0.131478
0.131
0.133318
0.133883
0.135524
0.136456
0.137761
0.139078
0.140408
0.140984
0.143103
0.143693
0.145849
0.146452
0.148646
0.149263
0.151495
0.151709
0.153989
0.154618
0.156938
0.15758
0.159514
0.160596
0.162565
0.163668
0.165224
0.166795
0.16838
0.169979
0.171593
0.17322
0.175332
0.176041
0.179137
0.179879
0.182065
0.183785
0.18503
0.187273
0.188032
0.190317
0.191595
0.1934
0.195745
0.197057
0.199442
0.19968
0.202662
0.203447
0.205921
0.206698
0.209218
0.209382
0.212553
0.213314
0.215925
0.216034
0.218696
0.219414
0.222783
0.222138
0.226938
0.225568
0.23116
0.22829
0.234758
0.23253
0.239811
0.236838
0.244948
0.241213
0.248739
0.245657
0.253308
0.250979
0.257193
0.25392
0.26189
0.258557
0.265065
0.262392
0.269051
0.266256
0.272207
0.270147
0.27623
0.275015
0.280281
0.279952
0.28436
0.284957
0.288464
0.288022
0.293589
0.292091
0.298782
0.298305
0.303014
0.304611
0.307266
0.308858
0.312627
0.313122
0.316946
0.318545
0.320128
0.32287
0.322037
0.326001
0.323772
0.329062
0.327971
0.332048
0.333511
0.334955
0.33911
0.34056
0.344766
0.346222
0.349073
0.351938
0.353375
0.353305
0.357668
0.356002
0.361951
0.358594
0.364648
0.362715
0.365594
0.363437
0.369704
0.370893
0.370299
0.374942
0.3688
0.377153
0.370713
0.381094
0.370514
0.381163
0.376122
0.388858
0.375579
0.388661
0.381149
0.390262
0.382423
0.393839
0.387975
0.392974
0.384465
0.389501
0.380463
0.392653
0.375961
0.395735
0.376089
0.396287
0.376022
0.394109
0.381097
0.38895
0.378032
0.377753
0.380218
0.37704
0.376604
0.37901
0.372625
0.377935
0.371307
0.370565
0.350988
0.368913
0.34882
0.367037
0.333091
0.36167
0.323319
0.349191
0.323577
0.346355
0.309383
0.329122
0.305534
0.321912
0.282601
0.310593
0.281823
0.298729
0.273101
0.301893
0.264012
0.265374
0.246394
0.243525
0.223911
0.233431
0.200589
0.214445
0.172089
0.190451
0.173742
0.174564
0.15749
0.167224
0.149887
0.141442
0.132892
0.133493
0.106144
0.115996
0.092942
0.107571
0.0699105
0.0941833
0.0464137
0.0708531
0.0273582
0.0470653
0.0128973
0.0129834
0.00811734
0.00321507
0.0216832
0.0417396
0.0318031
0.077165
0.0622598
0.0877192
0.0829026
0.118659
0.108842
0.134607
0.140086
0.160862
0.176586
0.202466
0.197961
0.223887
0.224506
0.245382
0.266213
0.266926
0.282733
0.298516
0.284202
0.334921
0.320858
0.341561
0.33743
0.363021
0.368815
0.394149
0.385305
0.410541
0.401757
0.431674
0.418159
0.443152
0.448878
0.464079
0.465047
0.503344
0.495126
0.541592
0.510975
0.552592
0.526699
0.563515
0.542286
0.574358
0.557727
0.593734
0.573009
0.612796
0.613827
0.635633
0.648861
0.641782
0.686215
0.655961
0.707043
0.665951
0.72007
0.679745
0.725726
0.6933
0.734856
0.721452
0.743841
0.726988

0.000667886
0.000114613
0.000764608
0.000382182
0.000864933
0.000466751
0.000969001
0.00102248
0.00107696
0.00113244
0.00143732
0.00149987
0.00182196
0.0013649
0.00196346
0.00148774
0.00238995
0.00218586
0.00284451
0.00263792
0.00332866
0.00281118
0.00352957
0.00331207
0.00373824
0.00451261
0.00463527
0.00476029
0.00488772
0.00537815
0.00514999
0.00565993
0.0054225
0.00595273
0.00650091
0.00828107
0.00682699
0.00867817
0.00802485
0.00952768
0.00841139
0.0104279
0.0092771
0.01091
0.0101953
0.0114111
0.0111687
0.011932
0.01168
0.0124736
0.0122115
0.0135877
0.0133266
0.0153391
0.0145077
0.0166096
0.0157582
0.0179534
0.0183398
0.019374
0.0204402
0.0202106
0.023347
0.0210803
0.025741
0.0248518
0.0275551
0.0266472
0.0287143
0.0300793
0.0307023
0.0321348
0.0336092
0.0351266
0.0350056
0.0382941
0.0390761
0.0416456
0.042492
0.047928
0.0470361
0.0517676
0.0528079
0.0538679
0.0579281
0.0570625
0.0623158
0.0604152
0.0669391
0.0661042
0.0718076
0.0709915
0.0758007
0.077291
0.0799817
0.0839299
0.0843575
0.0872374
0.0901891
0.0919399
0.0937211
0.099488
0.104071
0.104714
0.109478
0.110168
0.11512
0.121629
0.123932
0.13655
0.131665
0.146204
0.139748
0.159326
0.152939
0.166828
0.165106
0.174613
0.179428
0.187625
0.18767
0.197821
0.201362
0.208406
0.213846
0.217616
0.223231
0.232556
0.234756
0.246198
0.250414
0.258438
0.268465
0.272972
0.287044
0.299326
0.306123
0.318641
0.32567
0.340243
0.343775
0.356713
0.366013
0.371671
0.383021
0.390712
0.402216
0.410063
0.425351
0.431527
0.443234
0.453158
0.466664
0.467711
0.483148
0.489662
0.501512
0.511594
0.516446
0.533431
0.5367
0.548503
0.556876
0.565241
0.575264
0.583592
0.590231
0.603417
0.608412
0.616616
0.627981
0.63289
0.642549
0.650546
0.661557
0.664787
0.675682
0.68778
0.69104
0.70006
0.711684
0.714896
0.727538
0.729373
0.739133
0.744796
0.752952
0.757163
0.763855
0.774084
0.778142
0.784488
0.791869
0.799057
0.801727
0.810861
0.816589
0.820194
0.826733
0.831171
0.835514
0.842587
0.845843
0.852564
0.8557
0.861275
0.865878
0.8696
0.873231
0.877541
0.881735
0.88581
0.889095
0.89297
0.897335
0.900943
0.903895
0.907811
0.910091
0.913306
0.915931
0.918476
0.921419
0.923809
0.926971
0.928801
0.931744
0.933462
0.935853
0.938137
0.940316
0.941825
0.944134
0.945548
0.947428
0.948981
0.950475
0.95191
0.953288
0.954612
0.955883
0.957102
0.958273
0.959396
0.960473
0.961507
0.962498
0.963449
0.964362
0.965463
0.966078
0.967109
0.967883
0.968626
0.969339
0.970024
0.970867
0.9715
0.972108
0.972693
0.973257
0.973799
0.974322
0.974825
0.975312
0.975781
0.976235
0.976675
0.9771
0.977513
0.977914
0.978304
0.978684
0.979055
0.979417
0.979771
0.980117
0.980457
0.980791
0.98112
0.981443
0.981762
0.982076
0.982385
0.982691
0.982993
0.983292
0.983586
0.983877
0.984165
0.98459
0.98487
0.985147
0.985419
0.985688
0.985953
0.986214
0.986471
0.986827
0.986971
0.98732
0.987559
0.987795
0.988026
0.988254
0.988477
0.988696
0.988912
0.989124
0.989332
0.989538
0.98974
0.989939
0.990137
0.990331
0.990524
0.990714
0.990903
0.99109
0.991276
0.99146
0.991644
0.991826
0.992006
0.992186
0.992365
0.992542
0.992719
0.992894
0.993067
0.993322
0.99341
0.993663
0.99383
0.994042
0.994206
0.994367
0.994526
0.994682
0.994835
0.994985
0.995132
0.995275
0.995415
0.995552
0.995684
0.995813
0.995938
0.996059
0.99619
0.996303
0.996412
0.996517
0.996618
0.996715
0.996807
0.996896
0.99698
0.997061
0.997138
0.997211
0.99728
0.997346
0.997408
0.997466
0.997522
0.997574
0.997623
0.997669
0.997713
0.997754
0.997792
0.997828
0.997861
0.997892
0.997922
0.997949
0.997974
0.997998
0.99802
0.998041
0.99806
0.998078
0.998094
0.998109
0.998124
0.998137
0.998149
0.99816
0.998171
0.998181
0.99819
0.998198
0.998206
0.998213
0.99822
0.998226
0.998231
0.998237
0.998241
0.998246
0.99825
0.998254
0.998258
0.998261
0.998264
0.998267
0.998269
0.998272
0.998274
0.998276
0.998278
0.99828
0.998281
0.998283
0.998284
0.998285
0.998287
0.998288
0.998289
0.99829
0.998291
0.998291
0.998292
0.998293
0.998293
0.998294
0.998295
0.998295
0.998296
0.998296
0.998296
0.998297
0.998297
0.998297
0.998298
0.998298
0.998298
0.998299
0.998299
0.998299
0.998299
0.998299
0.9983
0.9983
0.9983
0.9983
0.9983
0.9983
0.9983
0.9983
0.9983
0.998301
0.998301
0.998301
0.998301
0.998301
0.998301
0.998301
0.998301
0.998301
0.998301
0.998301
0.998301
0.998301
0.998301
0.998301
0.998301
0.998301
0.998301
0.998301
0.998301
0.998301
0.998301
0.998301
0.998302
0.998302
0.998302
0.998302
0.998302
0.998302
0.998302
0.998302
0.998302
0.998302
0.998302
0.998302
0.998302
0.998302
0.998302
0.998302
0.998302
0.998302
0.998302
0.998302
0.998302
0.998302
0.998302
0.998302
0.998302

0.00858776
0.00918818
0.00924317
0.00988029
0.0099423
0.0109261
0.0106881
0.0118919
0.0114835
0.0127583
0.012332
0.0136822
0.013424
0.0146672
0.0145966
0.0159174
0.0158555
0.0170483
0.0169885
0.0182538
0.0188861
0.0195389
0.0206947
0.0211567
0.0226416
0.0231522
0.024472
0.0247528
0.0261544
0.0267479
0.0279468
0.0291903
0.0298564
0.0318169
0.0318905
0.0343064
0.0340571
0.0366195
0.037467
0.0394556
0.0399874
0.042492
0.043484
0.045742
0.0472394
0.0492196
0.0512711
0.0524815
0.054661
0.0559513
0.0587627
0.0606643
0.0626251
0.0667792
0.0678329
0.0722454
0.0728383
0.078099
0.0793907
0.0837576
0.0845251
0.0904309
0.0926321
0.0975653
0.0992596
0.105879
0.107764
0.114048
0.115356
0.122008
0.124224
0.133604
0.133677
0.143561
0.146286
0.153313
0.157106
0.163655
0.171299
0.174614
0.184531
0.190041
0.203182
0.202488
0.217235
0.220676
0.23208
0.240787
0.248735
0.257894
0.268281
0.27487
0.289737
0.294791
0.313021
0.314589
0.334312
0.339442
0.352641
0.366922
0.374683
0.387477
0.399481
0.410713
0.421146
0.433707
0.447377
0.457354
0.4694
0.482559
0.49388
0.507272
0.519776
0.534257
0.545963
0.560495
0.573203
0.587647
0.597734
0.612995
0.623928
0.638137
0.648104
0.662128
0.674346
0.684823
0.698318
0.710036
0.720065
0.732142
0.74323
0.755376
0.764661
0.774982
0.785027
0.795357
0.804262
0.813442
0.82281
0.830912
0.839624
0.846767
0.854496
0.861538
0.868326
0.875955
0.881921
0.888311
0.894696
0.900299
0.90591
0.911083
0.91624
0.92116
0.925732
0.93023
0.934429
0.938447
0.942289
0.94596
0.949462
0.952798
0.955973
0.958988
0.961923
0.964629
0.967224
0.969596
0.971903
0.974033
0.976029
0.977896
0.979638
0.981262
0.982776
0.984179
0.985479
0.986681
0.987793
0.988818
0.989763
0.990632
0.991431
0.992164
0.992836
0.993451
0.994012
0.994525
0.994993
0.995418
0.995804
0.996155
0.996473
0.99676
0.99702
0.997254
0.997465
0.997655
0.997825
0.997978
0.998115
0.998238
0.998348
0.998446
0.998533
0.998611
0.998681
0.998743
0.998798
0.998848
0.998891
0.99893
0.998965
0.998996
0.999023
0.999048
0.999069
0.999089
0.999106
0.999121
0.999135
0.999147
0.999157
0.999167
0.999175
0.999183
0.99919
0.999196
0.999201
0.999206
0.99921
0.999214
0.999217
0.99922
0.999223
0.999226
0.999228
0.99923
0.999231
0.999233
0.999234
0.999236
0.999237
0.999238
0.999239
0.99924
0.99924
0.999241
0.999242
0.999242
0.999243
0.999243
0.999244
0.999244
0.999244
0.999245
0.999245
0.999245
0.999245
0.999245
0.999246
0.999246
0.999246
0.999246
0.999246
0.999246
0.999247
0.999247
0.999247
0.999247
0.999247
0.999247
0.999247
0.999247
0.999247
0.999247
0.999247
0.999247
0.999247
0.999247
0.999247
0.999247
0.999248
0.999248
0.999248
0.999248
0.999248
0.999248
0.999248
0.999248
0.999248
0.999248
0.999248
0.999248
0.999248
0.999248
0.999248
0.999248
0.999248
0.999248
0.999248
0.999248
0.999248
0.999248
0.999248
0.999248
0.999248
0.999248
0.999248
0.999248
0.999248
0.999248
0.999248
0.999248
0.999248
0.999248
0.999248
0.999248
0.999248
0.999248
0.999248
0.999248
0.999248
0.999248
0.999248
0.999248
0.999248
0.999248
0.999248
0.999248
0.999248
0.999248
0.999248
0.999248
0.999248
0.999248
0.999248
0.999248
0.999248
0.999248
0.999248
0.999248
0.999248
0.999248
0.999248
0.999248
0.999248
0.999248
0.999248
0.999248
0.999248
0.999248
0.999248
0.999248
0.999248
0.999248
0.999248
0.999248
0.999248
0.999248
0.999248
0.999248
0.999248
0.999248
0.999248
0.999248
0.999248
0.999248
0.999248
0.999248
0.999248
0.999248
0.999248
0.999248
0.999248
0.999248
0.999248
0.999248
0.999248
0.999248
0.999248
0.999248
0.999248
0.999248
0.999248
0.999248
0.999248
0.999248
0.999248
0.999248
0.999248
0.999248
0.999248
0.999248
0.999248
0.999248
0.999248
0.999248
0.999248
0.999248
0.999248
0.999248
0.999248
0.999248
0.999248
0.999248
0.999248
0.999248
0.999248
0.999248
0.999248
0.999248
0.999248
0.999248
0.999248
0.999248
0.999248
0.999248
0.999248
0.999248
0.999248
0.999248
0.999248
0.999248
0.999248
0.999248
0.999248
0.999248
0.999248
0.999248
0.999248
0.999248
0.999248
0.999248
0.999248
0.999248
0.999248
0.999248
0.999248
0.999248
0.999248
0.999248
0.999248
0.999248
0.999248
0.999248
0.999248
0.999248
0.999248
0.999248
0.999248
0.999248
0.999248
0.999248
0.999248
0.999248
0.999248
0.999248
0.999248
0.999248
0.999248
0.999248
0.999248
0.999248
0.999248
0.999248
0.999248
0.999248
0.999248
0.999248
0.999248
0.999248
0.999248
0.999248
0.999248
0.999248
0.999248
0.999248
0.999248
0.999248
0.999248
0.999248
0.999248
0.999248
0.999248
0.999248
0.999248
0.999248
0.999248
0.999248
0.999248
0.999248
0.999248
0.999248
0.999248
0.999248
0.999248
0.999248
0.999248
0.999248

0.00116049
0.0020347
0.00130764
0.00225181
0.00146562
0.00248547
0.00163533
0.00298982
0.00181773
0.00328116
0.00286696
0.00389021
0.00314686
0.00457119
0.00344832
0.00464267
0.00377301
0.00506341
0.00528591
0.00672429
0.00701199
0.0077452
0.00762087
0.00888182
0.0097409
0.0101459
0.01267
0.0120973
0.0148632
0.0142896
0.017319
0.0161115
0.0194054
0.0215543
0.0224176
0.0247887
0.026541
0.0299746
0.0311608
0.0340982
0.036325
0.0405008
0.0411336
0.0505938
0.0474731
0.0587876
0.0556115
0.0656542
0.0716506
0.0719817
0.0821766
0.0865685
0.0951082
0.0986772
0.107979
0.117749
0.129459
0.137229
0.148426
0.160125
0.165881
0.181781
0.191599
0.20524
0.215897
0.232309
0.242029
0.261326
0.268078
0.29224
0.297738
0.319142
0.337074
0.353438
0.374157
0.393245
0.412651
0.43816
0.4542
0.466473
0.484807
0.509138
0.529573
0.544332
0.570344
0.583323
0.605353
0.631994
0.652925
0.667361
0.686071
0.702894
0.71931
0.731305
0.748273
0.76337
0.779024
0.792904
0.806166
0.818786
0.829973
0.839893
0.849372
0.858412
0.866337
0.874546
0.882944
0.890284
0.897723
0.90423
0.909932
0.915308
0.920789
0.925928
0.930403
0.934607
0.938555
0.942261
0.946059
0.949321
0.952386
0.955267
0.95798
0.960802
0.963216
0.965501
0.967669
0.96973
0.971693
0.973564
0.975559
0.97743
0.979051
0.980722
0.982274
0.983661
0.984971
0.986204
0.987402
0.988479
0.98948
0.990407
0.991262
0.992048
0.992768
0.993426
0.994026
0.994572
0.995069
0.995521
0.995932
0.996305
0.996645
0.996954
0.997235
0.997491
0.997724
0.997936
0.998128
0.998301
0.998458
0.998599
0.998725
0.998837
0.998936
0.999024
0.999101
0.999168
0.999227
0.999278
0.999322
0.99936
0.999393
0.999421
0.999445
0.999465
0.999483
0.999497
0.99951
0.999521
0.99953
0.999537
0.999544
0.999549
0.999554
0.999558
0.999561
0.999564
0.999566
0.999568
0.99957
0.999571
0.999572
0.999573
0.999574
0.999575
0.999575
0.999576
0.999576
0.999576
0.999577
0.999577
0.999577
0.999577
0.999577
0.999577
0.999577
0.999577
0.999578
0.999578
0.999578
0.999578
0.999578
0.999578
0.999578
0.999578
0.999578
0.999578
0.999578
0.999578
0.999578
0.999578
0.999578
0.999578
0.999578
0.999578
0.999578
0.999578
0.999578
0.999578
0.999578
0.999578
0.999578
0.999578
0.999578
0.999578
0.999578
0.999578
0.999578
0.999578
0.999578
0.999578
0.999578
0.999578
0.999578
0.999578
0.999578
0.999578
0.999578
0.999578
0.999578
0.999578
0.999578
0.999578
0.999578
0.999578
0.999578
0.999578
0.999578
0.999578
0.999578
0.999578
0.999578
0.999578
0.999578
0.999578
0.999578
0.999578
0.999578
0.999578
0.999578
0.999578
0.999578
0.999578
0.999578
0.999578
0.999578
0.999578
0.999578
0.999578
0.999578
0.999578
0.999578
0.999578
0.999578
0.999578
0.999578
0.999578
0.999578
0.999578
0.999578
0.999578
0.999578
0.999578
0.999578
0.999578
0.999578
0.999578
0.999578
0.999578
0.999578
0.999578
0.999578
0.999578
0.999578
0.999578
0.999578
0.999578
0.999578
0.999578
0.999578
0.999578
0.999578
0.999578
0.999578
0.999578
0.999578
0.999578
0.999578
0.999578
0.999578
0.999578
0.999578
0.999578
0.999578
0.999578
0.999578
0.999578
0.999578
0.999578
0.999578
0.999578
0.999578
0.999578
0.999578
0.999578
0.999578
0.999578
0.999578
0.999578
0.999578
0.999578
0.999578
0.999578
0.999578
0.999578
0.999578
0.999578
0.999578
0.999578
0.999578
0.999578
0.999578
0.999578
0.999578
0.999578
0.999578
0.999578
0.999578
0.999578
0.999578
0.999578
0.999578
0.999578
0.999578
0.999578
0.999578
0.999578
0.999578
0.999578
0.999578
0.999578
0.999578
0.999578
0.999578
0.999578
0.999578
0.999578
0.999578
0.999578
0.999578
0.999578
0.999578
0.999578
0.999578
0.999578
0.999578
0.999578
0.999578
0.999578
0.999578
0.999578
0.999578
0.999578
0.999578
0.999578
0.999578
0.999578
0.999578
0.999578
0.999578
0.999578
0.999578
0.999578
0.999578
0.999578
0.999578
0.999578
0.999578
0.999578
0.999578
0.999578
0.999578
0.999578
0.999578
0.999578
0.999578
0.999578
0.999578
0.999578
0.999578
0.999578
0.999578
0.999578
0.999578
0.999578
0.999578
0.999578
0.999578
0.999578
0.999578
0.999578
0.999578
0.999578
0.999578
0.999578
0.999578
0.999578
0.999578
0.999578
0.999578
0.999578
0.999578
0.999578
0.999578
0.999578
0.999578
0.999578
0.999578
0.999578
0.999578
0.999578
0.999578
0.999578
0.999578
0.999578
0.999578
0.999578
0.999578
0.999578
0.999578
0.999578
0.999578
0.999578
0.999578
0.999578
0.999578
0.999578
0.999578
0.999578
0.999578
0.999578
0.999578
0.999578
0.999578
0.999578
0.999578
0.999578
0.999578
0.999578
0.999578
0.999578
0.999578
0.999578
0.999578
0.999578
0.999578
0.999578
0.999578
0.999578
0.999578
0.999578
0.999578
0.999578
0.999578
0.999578
0.999578
0.999578
0.999578
0.999578

0.00210373
0.00224376
0.00239073
0.00248473
0.00270684
0.00280968
0.0030549
0.00309283
0.00343804
0.00347834
0.0038597
0.00390255
0.00422707
0.00416499
0.00451237
0.00465625
0.00503913
0.00507089
0.00561837
0.00579048
0.00625524
0.00644352
0.00695541
0.00699134
0.0077251
0.00776251
0.00857115
0.00861008
0.00884619
0.00931179
0.00931574
0.0100574
0.0103134
0.0105671
0.0111139
0.011376
0.0109778
0.0122307
0.0121325
0.0123711
0.0126008
0.0132413
0.0134704
0.0141521
0.0138898
0.0151034
0.0137047
0.0149613
0.0133261
0.014622
0.0140377
0.0133565
0.0125706
0.0109069
0.0130612
0.00865847
0.0117544
0.0086338
0.00517553
0.00545353
0.00252848
0.00181627
0.000499077
0.0105546
0.00970679
0.0168778
0.02185
0.0360903
0.0376774
0.0489625
0.0561124
0.065504
0.0737477
0.0862895
0.0996675
0.117903
0.133128
0.149227
0.179171
0.192952
0.216393
0.227022
0.249897
0.266402
0.298219
0.333224
0.354465
0.376225
0.395959
0.423594
0.441549
0.46736
0.500874
0.519538
0.545716
0.576645
0.602477
0.628011
0.659666
0.6901
0.711681
0.736291
0.756455
0.775873
0.794484
0.813638
0.830368
0.84495
0.858738
0.872734
0.885692
0.894335
0.903282
0.911655
0.921
0.930714
0.937264
0.942797
0.94968
0.954693
0.958941
0.963136
0.966658
0.969857
0.973294
0.976305
0.978818
0.980976
0.98293
0.984698
0.986296
0.987739
0.98904
0.990211
0.99138
0.992321
0.993164
0.993919
0.994594
0.995199
0.995742
0.996229
0.996666
0.997059
0.997412
0.997728
0.99801
0.998261
0.998482
0.998677
0.998846
0.998992
0.999117
0.999223
0.999312
0.999387
0.99945
0.999501
0.999544
0.999579
0.999608
0.999631
0.99965
0.999666
0.999678
0.999688
0.999697
0.999703
0.999709
0.999713
0.999716
0.999719
0.999721
0.999723
0.999725
0.999726
0.999727
0.999727
0.999728
0.999728
0.999729
0.999729
0.999729
0.999729
0.99973
0.99973
0.99973
0.99973
0.99973
0.99973
0.99973
0.99973
0.99973
0.99973
0.99973
0.99973
0.99973
0.99973
0.99973
0.99973
0.99973
0.99973
0.99973
0.99973
0.99973
0.99973
0.99973
0.99973
0.99973
0.99973
0.99973
0.99973
0.99973
0.99973
0.99973
0.99973
0.99973
0.99973
0.99973
0.99973
0.99973
0.99973
0.99973
0.99973
0.99973
0.99973
0.99973
0.99973
0.99973
0.99973
0.99973
0.99973
0.99973
0.99973
0.99973
0.99973
0.99973
0.99973
0.99973
0.99973
0.99973
0.99973
0.99973
0.99973
0.99973
0.99973
0.99973
0.99973
0.99973
0.99973
0.99973
0.99973
0.99973
0.99973
0.99973
0.99973
0.99973
0.99973
0.99973
0.99973
0.99973
0.99973
0.99973
0.99973
0.99973
0.99973
0.99973
0.99973
0.99973
0.99973
0.99973
0.99973
0.99973
0.99973
0.99973
0.99973
0.99973
0.99973
0.99973
0.99973
0.99973
0.99973
0.99973
0.99973
0.99973
0.99973
0.99973
0.99973
0.99973
0.99973
0.99973
0.99973
0.99973
0.99973
0.99973
0.99973
0.99973
0.99973
0.99973
0.99973
0.99973
0.99973
0.99973
0.99973
0.99973
0.99973
0.99973
0.99973
0.99973
0.99973
0.99973
0.99973
0.99973
0.99973
0.99973
0.99973
0.99973
0.99973
0.99973
0.99973
0.99973
0.99973
0.99973
0.99973
0.99973
0.99973
0.99973
0.99973
0.99973
0.99973
0.99973
0.99973
0.99973
0.99973
0.99973
0.99973
0.99973
0.99973
0.99973
0.99973
0.99973
0.99973
0.99973
0.99973
0.99973
0.99973
0.99973
0.99973
0.99973
0.99973
0.99973
0.99973
0.99973
0.99973
0.99973
0.99973
0.99973
0.99973
0.99973
0.99973
0.99973
0.99973
0.99973
0.99973
0.99973
0.99973
0.99973
0.99973
0.99973
0.99973
0.99973
0.99973
0.99973
0.99973
0.99973
0.99973
0.99973
0.99973
0.99973
0.99973
0.99973
0.99973
0.99973
0.99973
0.99973
0.99973
0.99973
0.99973
0.99973
0.99973
0.99973
0.99973
0.99973
0.99973
0.99973
0.99973
0.99973
0.99973
0.99973
0.99973
0.99973
0.99973
0.99973
0.99973
0.99973
0.99973
0.99973
0.99973
0.99973
0.99973
0.99973
0.99973
0.99973
0.99973
0.99973
0.99973
0.99973
0.99973
0.99973
0.99973
0.99973
0.99973
0.99973
0.99973
0.99973
0.99973
0.99973
0.99973
0.99973
0.99973
0.99973
0.99973
0.99973
0.99973
0.99973
0.99973
0.99973
0.99973
0.99973
0.99973
0.99973
0.99973
0.99973
0.99973
0.99973
0.99973
0.99973
0.99973
0.99973
0.99973
0.99973
0.99973
0.99973
0.99973
0.99973
0.99973
0.99973
0.99973
0.99973
0.99973
0.99973
0.99973
0.99973
0.99973
0.99973
0.99973
0.99973
0.99973
0.99973
0.99973
0.99973
0.99973
0.99973
0.99973
0.99973
0.99973
0.99973
0.99973
0.99973
0.99973
0.99973
0.99973
0.99973
0.99973
0.99973
0.99973
0.99973
0.99973
0.99973
0.99973
0.99973
0.99973
0.99973
0.99973
0.99973
0.99973
0.99973
0.99973
0.99973
0.99973

